13518103768
13518111645
13518125238
13518168995
13518202731
13540025375
13540025957
13540026237
13540026337
13540026912
13540027260
13540027631
13540027873
13540027935
13540028217
13540028510
13540028613
13540029073
13540030120
13540030449
13540031281
13540031602
13540032709
13540033207
13540157505
13540157757
13540157975
13540158416
13540158445
13540158530
13540160137
13540160381
13540160440
13540160985
13540161153
13540161203
13540161251
13540161452
13540161905
13540162035
13540162052
13540162131
13540162157
13540162467
13540253082
13540253216
13540253271
13540253273
13540256711
13540256792
13540256850
13540256861
13540257376
13540257391
13540258026
13540258051
13540258206
13540258365
13540258423
13540258512
13540259707
13540259773
13540259892
13540259937
13540259982
13540260024
13540260039
13540260162
13540260626
13540260821
13540260937
13540261031
13540261093
13540261182
13540261437
13540261448
13540261552
13540261821
13540261832
13540261932
13540262031
13540262072
13540262081
13540262105
13540262335
13540262417
13540262519
13540262769
13540269552
13540269578
13540269659
13540269801
13540270251
13540270321
13540270631
13540270651
13540270683
13540270827
13540270870
13540270891
13540270892
13540270970
13540271077
13540271080
13540271305
13540271502
13540271512
13540271532
13540271590
13540271852
13540271865
13540272021
13540272031
13540297691
13540298255
13540298670
13540298957
13540299227
13540299253
13540299439
13540299651
13540299871
13540299893
13540300159
13540301861
13540301877
13540301972
13540399567
13540600277
13540600323
13540600536
13540600593
13540600620
13540601190
13540601202
13540601205
13540601363
13540606186
13540606630
13540607098
13540607767
13540608092
13540608126
13540608358
13540609177
13540609575
13540610162
13540610239
13540610252
13540610510
13540610552
13540610582
13540610590
13540610650
13540610806
13540610952
13540610987
13540611283
13540611397
13540611506
13540611513
13540611559
13540611595
13540611756
13540611850
13540625376
13540626079
13540626810
13540627259
13540629210
13540629269
13540629582
13540629601
13540629683
13540629820
13540629891
13540630629
13540679366
13540680466
13540682466
13540684366
13540692499
13540694288
13540694766
13540695166
13540695766
13540696199
13540697499
13540800105
13540800117
13540800128
13540800133
13540800155
13540800156
13540800175
13540800176
13540800178
13540800218
13540800268
13540800272
13540800319
13540800353
13540800383
13540800411
13540800433
13540800455
13540800553
13540800590
13540800622
13540800646
13540800661
13540800677
13540800807
13540800884
13540800906
13540800911
13540800936
13540800987
13540800992
13540800997
13540840633
13540840955
13540841238
13540841400
13540841511
13540841578
13540841619
13540841622
13540841876
13540842078
13540842133
13540842208
13541020608
13541268783
13541319608
13541333470
13547803499
13547804599
13547805799
13547805966
13547806499
13547830766
13547831399
13547832566
13547832699
13547834266
13547836099
13547837199
13547837399
13547837466
13547837499
13547839699
13547841299
13547842066
13547844566
13547846199
13547857299
13547857488
13547859488
13547863199
13547864366
13547870166
13547870766
13547871466
13547872099
13547873099
13547874766
13547874866
13547913099
13547914988
13547916088
13550011043
13550011047
13550011347
13550011481
13550011741
13550011845
13550013544
13550137898
13550165939
13550169883
13550170209
13550176889
13550180076
13550183010
13550186139
13550200732
13550202793
13550206707
13550208179
13550212697
13550217573
13550221572
13550223107
13550223715
13550223913
13550236927
13550239337
13550257507
13550257750
13550257913
13550258329
13550258637
13550260027
13550260751
13550261509
13550265073
13550272031
13550275792
13550276270
13550276392
13550278930
13550283672
13550286372
13550287357
13550289387
13550290170
13550290287
13550295671
13550298705
13550299027
13550362372
13550362393
13550362505
13550362518
13550362535
13550362683
13550362697
13550362729
13550362751
13550362856
13550362883
13550362890
13550362923
13550362927
13550362953
13550362981
13550363019
13550363061
13550363161
13550363176
13550363180
13550363182
13550363186
13550363187
13550363203
13550363217
13550363229
13550363270
13550363278
13550363350
13550363378
13550363515
13550365121
13550365230
13550365268
13550365297
13550365303
13550365307
13550365326
13550365362
13550365387
13550365395
13550365503
13550365530
13550365573
13550365636
13550365650
13550365750
13550365770
13550365795
13550365809
13550365822
13550365825
13550365828
13550365962
13550366005
13550366009
13550366023
13550366051
13550366080
13550366093
13550366105
13550366131
13550366153
13550366193
13550366216
13550366219
13550366265
13550366385
13550366513
13550366526
13550366533
13550366585
13550366706
13550366718
13550366729
13550366892
13550366907
13550366921
13550366938
13551016108
13551017010
13551026039
13551028539
13551028636
13551029216
13551031518
13551052996
13551053231
13551055601
13551056318
13551068389
13551068708
13551080369
13551083069
13551083822
13551085896
13551086158
13551088903
13551090979
13551092838
13551096358
13551098820
13551098987
13551100690
13551102303
13551102389
13551103236
13551103919
13551108159
13551120996
13551128086
13551129816
13551252078
13551256539
13551261979
13551277851
13551285532
13551287821
13551295073
13551352073
13551370706
13551373990
13551385056
13558615708
13558637603
13558650292
13558650763
13558652379
13558652971
13558653782
13558671837
13558673308
13558676089
13558679395
13558679715
13558682073
13558691532
13558695107
13558695727
13558697105
13558697361
13558698250
13558701937
13558703760
13558705109
13558708722
13558715683
13558717203
13558723075
13558723797
13558727930
13558733635
13558733716
13558735086
13558738635
13558752381
13558757359
13558758126
13558763065
13558763679
13558763917
13558765263
13558768305
13558795316
13558802508
13558802559
13558805036
13558812519
13558813019
13558817391
13558821097
13558835259
13558835263
13558853129
13558859216
13558870756
13558891379
13558895178
13558895719
13568801935
13568801939
13568801950
13568802170
13568802171
13568802190
13568802237
13568802359
13568802372
13568802537
13568802593
13568802612
13568802615
13568802623
13568802659
13568802731
13568802781
13568802792
13568802796
13568802871
13568802935
13568802973
13568803070
13568803089
13568803092
13568803160
13568803175
13568803205
13568803261
13568803279
13568803357
13568803382
13568803397
13568803527
13568803531
13568803639
13568803651
13568803675
13568915174
13568929638
13568932118
13568933110