13608002407
13608004043
13608004570
13608007475
13608011420
13608012845
13608013640
13608014915
13608022344
13608022836
13608023417
13608024092
13608024526
13608024589
13608027943
13608028431
13608031406
13608031582
13608038581
13608039842
13608054135
13608054810
13608062405
13608063403
13608064407
13608064437
13608064891
13608065372
13608065749
13608069347
13608075263
13608075301
13608075326
13608075329
13608075537
13608075960
13608084915
13608086244
13608088540
13608089564
13608091495
13608094265
13608170359
13608171716
13608180158
13608180368
13608181121
13608183052
13608185639
13608189926
13608191321
13608191636
13608199105
13608199139
13608201097
13608207820
13608212077
13608216710
13608219572
13608220010
13608221811
13608222627
13608222798
13608222812
13608223277
13608233077
13608238372
13618001960
13618003590
13618006316
13618006530
13618007619
13618008319
13618009076
13618009103
13618009106
13618009157
13618009557
13618009585
13618009627
13618009673
13618010230
13618010937
13618011058
13618011859
13618012078
13618012578
13618013012
13618013161
13618013267
13618013659
13618016167
13618016910
13618017155
13618018510
13618019228
13618020106
13618020607
13618021239
13618021787
13618025697
13618026138
13618027122
13618027650
13618027792
13618028812
13618029655
13618029721
13618030039
13618030155
13618030353
13618030576
13618030995
13618031750
13618031760
13618033218
13618033239
13618036009
13618036109
13618037568
13618037902
13618037947
13618038240
13618038242
13618038343
13618038346
13618038402
13618038420
13618038437
13618038479
13618038546
13618038594
13618038643
13618039146
13618039234
13618039436
13618039464
13618039471
13618039475
13618039542
13618039545
13618039643
13618039746
13618040071
13618040152
13618040175
13618040185
13618040204
13618040224
13618040235
13618040263
13618040271
13618040285
13618040314
13618040359
13618040361
13618040384
13618040390
13618040437
13618040440
13618040457
13618040468
13618040469
13618040471
13618040479
13618040482
13618040490
13618040510
13618040521
13618040530
13618040595
13618040610
13618040614
13618040617
13618040701
13618040704
13618040720
13618040740
13618040773
13618040796
13618040832
13618040837
13618040841
13618040850
13618040864
13618040903
13618040907
13618040923
13618040942
13618040945
13618040970
13618041040
13618041074
13618041083
13618041147
13618041164
13618041179
13618041187
13618041195
13618041237
13618041254
13618041364
13618041372
13618041402
13618041404
13618041411
13618041452
13618041458
13618041473
13618041507
13618041514
13618041530
13618041554
13618041581
13618041612
13618041654
13618041691
13618041714
13618041719
13618041747
13618041753
13618041758
13618041815
13618041835
13618041842
13618041849
13618041864
13618041943
13618041961
13618042051
13618042054
13618042084
13618042127
13618042143
13618042147
13618042241
13618042264
13618042293
13618042341
13618042485
13618042496
13618042659
13618042752
13618042791
13618042873
13618050380
13618052855
13618053308
13618053669
13618056318
13618059218
13618061929
13618063768
13618068002
13618076900
13618078578
13618088561
13618088910
13618091297
13618092568
13618096610
13618099179
13628001454
13628002714
13628002834
13628002941
13628002980
13628003324
13628008209
13628008582
13628008986
13628009096
13628010698
13628010706
13628010766
13628010770
13628010802
13628011398
13628011981
13628012568
13628013011
13628013108
13628013568
13628013768
13628013977
13628015277
13628015355
13628016977
13628018155
13628021368
13628021979
13628022968
13628023882
13628028696
13628028809
13628028821
13628029268
13628029277
13628029577
13628030012
13628030977
13658000286
13658000317
13658000573
13658000956
13658001098
13658016631
13658016632
13658016673
13658016712
13658016723
13658016730
13658016737
13658016825
13658016902
13658016905
13658016929
13658016938
13658016989
13658017019
13658017053
13658017072
13658017083
13658017090
13658017093
13658017095
13658017113
13658017128
13658017137
13658017176
13658017191
13658017212
13658017225
13658017270
13658017271
13658017280
13658017281
13658017307
13658017326
13658017332
13658017367
13658017381
13658017386
13658017396
13658017519
13658017529
13658017532
13658017578
13658017582
13658017586
13658017590
13658017591
13658017595
13658017602
13658017610
13658017623
13658017633
13658017635
13658017662
13658017693
13658017703
13658017716
13658017736
13658017751
13658017812
13658017825
13658017909
13658017967
13658017969
13658017972
13658017973
13658017985
13658018017
13658018038
13658018057
13658018071
13658018085
13658018101
13658018125
13658018176
13658018195
13658018220
13658018233
13658018235
13658018237
13658018250
13658018265
13658018270
13658018279
13658018283
13658018302
13658018317
13658018322
13658018361
13658018509
13658018513
13658018523
13658018528
13658018530
13658018609
13658018628
13658018662
13658018675
13658018679
13658018728
13658018737
13658018761
13658018781
13658018795
13658018863
13658018906
13658018915
13658018917
13658018931
13658019083
13658019093
13658019103
13658019105
13658019109
13658019115
13658019150
13658019155
13658019175
13658019180
13658019205
13658019227
13658019232
13658019267
13658019278
13658019282
13658019317
13658019339
13658019350
13658019365
13658019389
13658019390
13658019523
13658019529
13658019615
13658019628
13658019633
13658019662
13658019673
13658019701
13658019738
13658019791
13658019798
13658019805
13658019813
13658019860
13658019880
13658020065
13658020122
13658020186
13658020217
13658020235
13658020253
13658020261
13658020265
13658020339
13658020358
13658020359
13658020522
13658020526
13658020538
13658020565
13658020615
13658020636
13658020652
13658020691
13658020695
13658020779
13658020791
13658020817
13658020829
13658020831
13658020879
13658020895
13658020927
13658020932
13658020962
13658020972
13658020992
13658021067
13658021073
13658021095
13658021097
13658021153
13658021160
13658021173
13658021178
13658021236
13658021307
13658021325
13658021338
13658021373
13658021507
13658021527
13658021535
13658021650
13658021667
13658025886
13658026136
13658026889
13658027028
13658027769
13658027796
13658027881
13658027932
13658027939
13658027967
13658027970
13658027980
13658028072
13658028102
13658028103
13658028109
13658028179
13658028196
13658028215
13658028231
13658028271
13658028295
13658028296
13658028363
13658028579
13658028592
13658028597
13658028603
13658028617
13658028635
13658028639
13658028655
13658028693
13658028795
13658028819
13658028861
13658028892
13658028920
13658028990
13658028993
13658029001
13658029021
13658029022
13658029030
13658029033
13658029035
13658029071
13658029082
13658029101
13658029121
13658029172
13658029175
13658029180
13658029182
13658029226
13658029239
13658029279
13658029287
13658029308
13658029315
13658029351
13658029365
13658029369
13658029373
13658029377
13658029565
13658029570
13658029590
13658029651
13658029658
13658029661
13658029685
13658029689
13658029700
13658029707
13658029720
13658029725
13658029758
13658029761
13658029771
13658029785
13658029813
13658029815
13658029830
13658029851
13658029856
13658029901
13658029912
13658029916
13658029925
13658029981
13658029983
13658030012
13658030236
13658030273
13658030275
13658030280
13658030283
13658030322
13658030329
13658030360
13658030370
13658030387
13658030392
13658030928
13658031002
13658031131
13658031211
13658031267
13658031269
13658031289
13658031290
13658031305
13658031317
13658031567
13658031955
13658032010
13658032012
13658032025
13658032035
13658032063
13658032096
13658032110
13658032129
13658032152
13658032169
13658032170
13658032178
13658032179
13658032183
13658032190
13658032197
13658032238
13658032257
13658032270
13658032271
13658032279
13658032289
13658032312
13658032335
13658032392
13658032518
13658032527
13658032531
13658032538
13658032539
13658032552
13658032560
13658032577
13658032593
13658032611
13658032620
13658032635
13658032673
13658032679
13658032700
13658032702
13658032705
13658032716
13658032729
13658032735
13658032791
13658032813
13658032831
13658032835
13658032956
13658032958
13658032973
13658032980
13658032997
13658033036
13658033065
13658033093
13658033095
13658033103
13658033150
13658033165
13658033195
13658033200
13658033219
13658033235
13658033282
13658033285
13658033387
13658033502
13658033515
13658033562
13658033563
13658033591
13658033609
13658033627
13658033650
13658033675
13658033693
13658033709
13658033710
13658033715
13658033716
13658033739
13658033795
13658033805
13658033810
13658033817
13658033825
13658033869
13658033875
13658033910
13658033915
13658033920
13658033950
13658033953
13658033972
13658033992
13658035001
13658035015
13658035017
13658035020
13658035026
13658035052
13658035073
13658035113
13658035122
13658035136
13658035165
13658035167
13658035180
13658035182
13658035207
13658035227
13658035255
13658035262
13658035273
13658035275
13658035281
13658035285
13658035287
13658035297
13658035301
13658035311
13658035318
13658035332
13658035359
13658035365
13658035370
13658035378
13658035389
13658035397
13658035501
13658035502
13658035532
13658035539
13658035571
13658035583
13658035607
13658035608
13658035609
13658035621
13658035636
13658035692
13658035695
13658035717
13658035732
13658035770
13658035791
13658035793
13658035797
13658035815
13658035872
13658035913
13658035916
13658035917
13658035927
13658035928
13658035932
13658035965
13658035973
13658035983
13658036013
13658036017
13658036023
13658036032
13658036056
13658036073
13658036078
13658036079
13658036089
13658036097
13658036137
13658036169
13658036183
13658036210
13658038051
13658038079
13658038082
13658038093
13658038139
13658038160
13658038303
13658038322
13658038323
13658038329
13658038336
13658038352
13658038381
13658038761
13658038783
13658038830
13658038839
13658038857
13658038869
13658038871
13658038915
13658038916
13658038922
13658038927
13658038932
13658038939
13658038953
13658038957
13658038960
13658038967
13658038973
13658038991
13658039101
13658039257
13658039258
13658039263
13658039265
13658039270
13658039296
13658039697
13658050012
13658050026
13658050091
13658050097
13658050112
13658050117
13658050130
13658050179
13658050186
13658050235
13658050236
13658050239
13658050256
13658050261
13658050273
13658050280
13658050290
13658050297
13658050360
13658050371
13658050397
13658050536
13658050591
13658050617
13658050625
13658050633
13658050691
13658050696
13658050698
13658050723
13658050731
13658050762
13658050769
13658050772
13658050786
13658050817
13658050837
13658050867
13658050890
13658050901
13658050921
13658050937
13658050957
13658050972
13658050991
13658050992
13658051057
13658051073
13658051093
13658051167
13658051260
13658051293
13658051295
13658051297
13658051302
13658051387
13658051883
13658051957
13658052028
13658052029
13658052053
13658052062
13658052069
13658052070
13658052081
13658052103
13658052130
13658052163
13658052175
13658052190
13658052191
13658052215
13658052219
13658052236
13658052286
13658052289
13658052325
13658052332
13658052338
13658052355
13658052370
13658052377
13658052386
13658052393
13658052500
13658052503
13658052519
13658052538
13658052601
13658052607
13658052608
13658052630
13658052679
13658052690
13658052693
13658052713
13658052717
13658052732
13658052733
13658052750
13658052755
13658052780
13658052806
13658052831
13658052832
13658052837
13658052838
13658052917
13658052921
13658052930
13658052935
13658052957
13658052958
13658052967
13658052986
13658052991
13658053006
13658053015
13658053026
13658053062
13658053065
13658053085
13658053091
13658053097
13658053191
13658053211
13658053252
13658053262
13658053273
13658053276
13658053381
13658053391
13658053501
13658053516
13658053521
13658053532
13658053539
13658053551
13658053557
13658053591
13658053596
13658053621
13658053627
13658053633
13658053663
13658053675
13658053689
13658053691
13658053697
13658053720
13658053751
13658053790
13658053831
13658053836
13658053837
13658053870
13658053873
13658053876
13658053897
13658053935
13658053938
13658053957
13658053959
13658053965
13658055036
13658055125
13658055157
13658055175
13658055209
13658055210
13658055218
13658055253
13658055278
13658055301
13658055307
13658055323
13658055339
13658055350
13658055363
13658055370
13658055371
13658055620
13658055638
13658055639
13658055673
13658055713
13658055729
13658055772
13658056007
13658056083
13658056093
13658056100
13658056103
13658056216
13658056232
13658056307
13658056323
13658056373
13658056395
13658056515
13658056880
13658056989
13658057002
13658057012
13658057021
13658057022
13658057026
13658057030
13658057033
13658057052
13658057059
13658057061
13658057076
13658057087
13658057098
13658057105
13658057167
13658057169
13658057187
13658057195
13658057200
13658057231
13658057232
13658057239
13658057260
13658057280
13658057352
13658057382
13658057393
13658057501
13658057517
13658057519
13658057537
13658057551
13658057560
13658057571
13658057582
13658057592
13658057595
13658057598
13658057601
13658057611
13658057612
13658057623
13658057631
13658057656
13658057680
13658057683
13658057692
13658057701
13658057709
13658057726
13658057753
13658057762
13658057785
13658057837
13658057856
13658057913
13658057925
13658057931
13658057971
13658057975
13658058036
13658058115
13658058121
13658058163
13658058175
13658058205
13658058223
13658058230
13658058231
13658058261
13658058263
13658058292
13658058301
13658058306
13658058312
13658058317
13658058339
13658058360
13658058379
13658058380
13658058503
13658058519
13658058601
13658058606
13658058612
13658058613
13658058623
13658058659
13658058663
13658058739
13658058756
13658058759
13658058795
13658058867
13658058872
13658058920
13658058923
13658058957
13658058963
13658058967
13658058971
13658059010
13658059031
13658059053
13658059056
13658059071
13658059078
13658059081
13658059091
13658059122
13658059125
13658059126
13658059152
13658059153
13658059162
13658059218
13658059225
13658059226
13658059251
13658059267
13658059280
13658059301
13658059306
13658059316
13658059326
13658059539
13658059565
13658059577
13658059665
13658059669
13658059697
13658059711
13658059871
13658059877
13658059937
13658059938
13658059983
13658060023
13658060025
13658060031
13658060039
13658060097
13658060216
13658060261
13658060270
13658060330
13658060352
13658060353
13658060373
13658060382
13658060397
13658060510
13658066223
13658066589
13658068779
13658068801
13658068861
13658070076
13658070082
13658078857
13658078865
13658080658
13658081860
13658081890
13658085135
13658086003
13658801935
13666101582
13666105289
13666105926
13666106117
13666108650
13666108706
13666110759
13666112709
13666113925
13666115379
13666115395
13666115930
13666116752
13666117691
13666119071
13666119261
13666121623
13666121683
13666121836
13666122706
13666123217
13666125059
13666125350
13666126350
13666126530
13666126783
13666127273
13666127336
13666127689
13666127702
13666127735
13666128021
13666128807
13666129132
13666129261
13666129267
13666129272
13666129387
13666129581
13666129609
13666129785
13666129970
13666130152
13666130259
13666130395
13666130539
13666130657
13666130659
13666130785
13666130836
13666130997
13666131065
13666131562
13666131726
13666131739
13666132069
13666132181
13666132289
13666133062
13666135026
13666135229
13666135269
13666135612
13666137819
13666138115
13666138905
13666139772
13666150195
13666150579
13666151352
13666151971
13666152383
13666153035
13666153956
13666155312
13666155381
13666155692
13666156725
13666156793
13666156832
13666157069
13666157086
13666157105
13666157221
13666157261
13666157283
13666157290
13666157326
13666157335
13666157592
13666157651
13666157653
13666157735
13666157763
13666157815
13666157820
13666158013
13666158019
13666158093
13666158187
13666158201
13666158295
13666158375
13666158530
13666158662
13666159069
13666159209
13666162072
13666162073
13666162157
13666162372
13666162810
13666162873
13666162913
13666163052
13666163271
13666163517
13666163591
13666163592
13666163907
13666170075
13666170097
13666170769
13666173068
13666173991
13666175671
13666176702
13666176735
13666179230
13666179576
13666179762
13666179953
13666180171
13666180192
13666180259
13666180610
13666180793
13666180953
13666181051
13666181057
13666181132
13666181671
13666181790
13666181792
13666182059
13666182161
13666182501
13666182539
13666182562
13666182671
13666182805
13666182871
13666183062
13666183139
13666183172
13666183175
13666183192
13666183973
13666185176
13666185367
13666192001
13666195795
13666218101
13666245408
13666249038
13666257277
13666259096
13666259293
13666263687
13666271797
13666271932
13666271957
13666272125
13666272357
13666272360
13666272530
13666272601
13666272602
13666272670
13666272892
13666272895
13666273097
13666273112
13666273130
13666273151
13666273157
13666273258
13666273352
13666273509
13666273512
13666273560
13666273691
13666273756
13666273785
13666273790
13666273891
13666273896
13666273900
13666273938
13666275023
13666275035
13666275103
13666275183
13666275379
13666275769
13666275800
13666275803
13666275835
13666275893
13666276820
13666277059
13666277073
13666277178
13666277523
13666277623
13666277905
13666277935
13666278059
13666278076
13666278253
13666278322
13666278379
13666278528
13666278573
13666278709
13666278915
13666278952
13666279002
13666279003
13666279013
13666279216
13666279227
13666279308
13666279562
13666279610
13666279675
13666279830
13666280156
13666280391
13666280563
13666280631
13666280695
13666280891
13666280971
13666281057
13666281071
13666281273
13666281350
13666281560
13666281672
13666281763
13666281903
13666281959
13666281970
13666282071
13666282165
13666282172
13666282173
13666282362
13666282375
13666282639
13666282712
13666282783
13666282791
13666282901
13666282935
13666283021
13666283050
13666283157
13666283171
13666283190
13666283192
13666283201
13666283285
13666283503
13666283510
13666283552
13666283562
13666283595
13666283621
13666283691
13666283700
13666283851
13666283917
13666285030
13666285107
13666285125
13666285237
13666285260
13666285705
13666285715
13666285736
13666285752
13666285783
13666285970
13666285982
13666286210
13666286235
13666286375
13666286383
13666286917
13666286983
13666287015
13666287091
13666287169
13666287196
13666287303
13666287325
13666287339
13666287350
13666287501
13666287511
13666287570
13666287671
13666287903
13666287993
13666288359
13666289062
13666289179
13666289187
13666289212
13666289213
13666289235
13666289237
13666289251
13666289317
13666289370
13666289511
13666289529
13666289532
13666289560
13666289719
13666290085
13666290257
13666290381
13666290396
13666290532
13666290569
13666290635
13666290672
13666290872
13666290882
13666290971
13666290972
13666290976
13666291187
13666291252
13666291578
13666291639
13666291769
13666291783
13666291875
13666291923
13666292152
13666292162
13666292358
13666292376
13666292556
13666292611
13666292637
13666292760
13666292798
13666292935
13666293089
13666293238
13666293255
13666293378
13666293509
13666293538
13666293798
13666293816
13666293837
13666295060
13666295300
13666295957
13666296028
13666296557
13666297052
13666297061
13666297065
13666297132
13666297183
13666297353
13666297593
13666297625
13666298037
13666298237
13666298320
13666298361
13666298506
13666298517
13666298580
13666298697
13666298721
13666298837
13666299071
13666299172
13668150119
13668157515
13668157595
13668158861
13668159089
13668159128
13668159208
13668159258
13668159308
13668159535
13668159811
13668160029
13668160090
13668160987
13668161061
13668161817
13668161839
13668161859
13668161896
13668161939
13668162887
13668163500
13668163655
13668163881
13668163885
13668163989
13668165007
13668165228
13668165338
13668165516
13668165575
13668165900
13668166129
13668166959
13668167178
13668167628
13668168211
13668168779
13668169229
13668170069
13668170081
13668170090
13668170883
13668171128
13668171158
13668171578
13668171686
13668171880
13668172628
13668173218
13668173233
13668175737
13668175881
13668175995
13668176880
13668177022
13668177968
13668177969
13668178718
13668178819
13668178969
13668179398
13668181082
13668181089
13668181262
13668181323
13668181360
13668181373
13668181575
13668181682
13668182089
13668182120
13668182185
13668182289
13668182311
13668182515
13668182529
13668182717
13668182776
13668183068
13668183365
13668183635
13668183775
13668183803
13668183805
13668183809
13668183816
13668183929
13668185759
13668185987
13668187101
13668187191
13668188129
13668196727
13668196773
13668196775
13668196790
13668196793
13668196871
13668196872
13668196921
13668196950
13668196992
13668196995
13668197010
13668197018
13668197019
13668197085
13668197100
13668197165
13668197173
13668197207
13668197225
13668197250
13668197280
13668197300
13668197362
13668197379
13668197393
13668197536
13668197550
13668197571
13668197589
13668197595
13668197605
13668197608
13668197618
13668197620
13668197622
13668197630
13668197708
13668197830
13668197853
13668197861
13668197937
13668197953
13668197983
13668198053
13668198055
13668198071
13668198092
13668198150
13668198160
13668198162
13668198193
13668198202
13668198232
13668198257
13668198307
13668198351
13668198373
13668198507
13668198521
13668198530
13668198673
13668198683
13668198720
13668198732
13668198752
13668198753
13668198773
13668198790
13668198862
13668199031
13668199132
13668199195
13668199271
13668199375
13668199702
13668199706
13668201329
13668205379
13668205879
13668206955
13668207817
13668207837
13668210317
13668212156
13668213328
13668213896
13668215826
13668216576
13668217161
13668218067
13668218717
13668222529
13668256017
13668261098
13668262019
13668267128
13668268055
13668269705
13668272158
13668272985
13668273036
13668273729
13668273785
13668273980
13668275918
13668276736
13668276832
13668277392
13668278372
13668278601
13668279128
13668279962
13668281367
13668282367
13668286506
13668287318
13668290550
13668290882
13668297975
13668299219
13678001272
13678001281
13678001382
13678001531
13678001821
13678001822
13678002037
13678002108
13678002137
13678002207
13678002291
13678002362
13678002365
13678002507
13678002573
13678002585
13678002673
13678002706
13678002730
13678002738
13678002791
13678002863
13678002893
13678002930
13678002956
13678003051
13678003107
13678003235
13678003263
13678003315
13678003397
13678003695
13678003911
13678005026
13678005075
13678005312
13678005317
13678005386
13678005735
13678006025
13678006130
13678006232
13678006239
13678006338
13678006385
13678006509
13678006573
13678006592
13678006722
13678006737
13678006751
13678006773
13678006803
13678006917
13678007013
13678007033
13678007215
13678007586
13678007591
13678007625
13678007895
13678007951
13678007956
13678007985
13678008106
13678008209
13678008262
13678008273
13678008307
13678008351
13678008361
13678008562
13678008715
13678008923
13678008935
13678008952
13678008971
13678009039
13678009350
13678009610
13678009755
13678009758
13678009801
13678011232
13678011371
13678011712
13678011757
13678011861
13678011955
13678012151
13678012216
13678012231
13678012267
13678012281
13678012530
13678012539
13678012638
13678012670
13678012672
13678012735
13678012819
13678012820
13678012861
13678012880
13678012931
13678012936
13678012977
13678013101
13678013117
13678013128
13678013129
13678013139
13678013237
13678013260
13678013263
13678013365
13678013382
13678013578
13678013617
13678013650
13678013707
13678013797
13678013973
13678015086
13678015132
13678015189
13678015213
13678015275
13678015281
13678015289
13678015316
13678015329
13678015510
13678015572
13678015623
13678015760
13678015863
13678015967
13678015970
13678016033
13678016080
13678016203
13678016986
13678016987
13678017008
13678017030
13678017063
13678017120
13678017175
13678017189
13678017587
13678017595
13678017950
13678017986
13678018871
13678018956
13678019838
13678020760
13678056017
13678056193
13678056392
13678057231
13678057531
13678057593
13678058102
13678058301
13678058357
13678058673
13678059532
13678059537
13678100180
13678100278
13678100350
13678101268
13678101658
13678102058
13678102080
13678102508
13678103068
13678103601
13678105010
13678106128
13678117823
13678118086
13678118922
13678118995
13678119765
13678121511
13678121528
13678125608
13678126108
13678127708
13678130050
13678132128
13678133298
13678133755
13678138589
13678147547
13678152992
13678153698
13678156885
13678161883
13678169096
13678170968
13678170996
13678171769
13678172908
13678180017
13678181689
13678181922
13678185869
13678188126
13678188196
13678188206
13678188519
13678193608
13678195298
13678199100
13678199509
13678199609
13678199896
13679053658
13679055881
13679056705
13679057513
13679057732
13679057807
13679058963
13679059250
13679060723
13679060853
13679061703
13679061737
13679062501
13679063163
13679063217
13679065037
13679065632
13679065637
13679065801
13679067196
13679080812
13679093952
13679095631
13679095837
13679095967
13679096972
13679097365
13679097537
13679097627
13683401966
13683407588
13683425788
13683439788
13683442388
13683456865
13683456922
13684088081
13684088843
13688001057
13688001572
13688001753
13688001769
13688012760
13688012851
13688013017
13688013239
13688013257
13688013552
13688013997
13688015163
13688015279
13688015356
13688015369
13688015610
13688015756
13688015829
13688015921
13688015937
13688015951
13688016035
13688016139
13688016165
13688016291
13688016375
13688016397
13688016507
13688016703
13688016829
13688016902
13688016905
13688016967
13688017015
13688017069
13688017135
13688017206
13688017285
13688017379
13688017381
13688017916
13688017973
13688017980
13688018073
13688018223
13688018263
13688018302
13688018315
13688019803
13688019817
13688019873
13688019970
13688020057
13688020171
13688020239
13688020310
13688020381
13688020560
13688020685
13688020695
13688020697
13688020755
13688020793
13688020869
13688020950
13688021035
13688021050
13688065382
13688065383
13688065397
13688065863
13688065917
13688065962
13688065965
13688066250
13688066729
13688066781
13688066870
13688066935
13688067003
13688067020
13688067127
13688067157
13688067251
13688067256
13688067305
13688067323
13688067379
13688067569
13688067603
13688067690
13688067903
13688067926
13688067935
13688067937
13688067953
13688068157
13688068197
13688068205
13688068361
13688068390
13688068939
13688069027
13688069051
13688069073
13688069105
13688069163
13688069337
13688069503
13688069507
13688069537
13688069623
13688069712
13688069727
13688069817
13688069892
13688070290
13688070293
13688070573
13688070697
13688070762
13688070793
13688070832
13688070836
13688070871
13688100185
13688100197
13688100232
13688100376
13688100395
13688100572
13688100581
13688100651
13688100682
13688100683
13688100691
13688100732
13688100752
13688100875
13688100902
13688100936
13688100937
13688111842
13688122073
13688122172
13688122173
13688122306
13688122357
13688122372
13688122375
13688122383
13688122567
13688122571
13688122572
13688122587
13688122593
13688122631
13688122635
13688122653
13688122705
13688122763
13688122795
13688122853
13688122857
13688122912
13688122932
13688122960
13688122997
13688123039
13688123095
13688123107
13688123151
13688123156
13688123175
13688123205
13688123206
13688123236
13688123256
13688123261
13688123286
13688123356
13688123373
13688123509
13688123516
13688123517
13688123521
13688123526
13688123573
13688123596
13688123607
13688123610
13688123706
13688123715
13688123720
13688123791
13688123795
13688123896
13688123957
13688125062
13688125076
13688125087
13688125176
13688125178
13688125183
13688125235
13688125310
13688125361
13688125392
13688125530
13688125665
13688125676
13688125708
13688125739
13688125761
13688125801
13688125821
13688125837
13688125897
13688125902
13688125985
13688126021
13688126023
13688126129
13688126215
13688126225
13688126270
13688126285
13688126297
13688126305
13688126337
13688126371
13688126513
13688126530
13688126582
13688126609
13688126693
13688126707
13688126716
13688126728
13688126738
13688126759
13688130656
13688131159
13688131609
13688133505
13688133980
13688135089
13688135506
13688135526
13688135626
13688135695
13688135773
13688135796
13688135950
13688136081
13688136092
13688136380
13688136381
13688136552
13688136627
13688136752
13688136796
13688137030
13688137071
13688137329
13688137659
13688137829
13688137992
13688138052
13688138252
13688138930
13688139081
13688139083
13688139590
13688139610
13688139825
13688150250
13688150260
13688150331
13688150362
13688150719
13688150756
13688150832
13688151059
13688151090
13688151137
13688151395
13688151562
13688152050
13688152159
13688152455
13688198874
13688300626
13688301906
13688301953
13688302026
13688302052
13688302056
13688302251
13688302278
13688302290
13688302309
13688302313
13688302315
13688302331
13688302335
13688302527
13688302565
13688302583
13688302613
13688302620
13688302621
13688302651
13688302655
13688302658
13688302682
13688302697
13688302720
13688302729
13688302730
13688302735
13688302736
13688302737
13688302739
13688302758
13688302768
13688302770
13688302825
13688302832
13688302857
13688302887
13688302912
13688302917
13688302936
13688302972
13688302986
13688303091
13688303092
13688303115
13688303229
13688303359
13688303525
13688303718
13688303723
13688303771
13688303783
13688303786
13688303831
13688303906
13688303916
13688303918
13688303922
13688303961
13688303986
13688303997
13688305010
13688305011
13688305020
13688305568
13688305882
13688306028
13688306367
13688306501
13688306582
13688306583
13688306621
13688306671
13688306695
13688306731
13688306739
13688306752
13688306753
13688306768
13688307027
13688307031
13688307037
13688307065
13688307083
13688307101
13688307116
13688307126
13688307152
13688307155
13688307203
13688307239
13688307271
13688307302
13688307310
13688307329
13688307398
13688307503
13688307506
13688307598
13688307637
13688307651
13688307657
13688307793
13688307820
13688307857
13688307871
13688307916
13688307953
13688307971
13688307991
13688308062
13688308063
13688308067
13688308565
13688308582
13688308928
13688309053
13688309069
13688309075
13688309115
13688309157
13688309183
13688309201
13688309253
13688309255
13688309276
13688309279
13688309328
13688309375
13688309379
13688309387
13688309562
13688309569
13688309615
13688309622
13688309625
13688309656
13688309657
13688309659
13688309675
13688322201
13688323932
13688330551
13688330651
13688330673
13688330751
13688330871
13688330875
13688330938
13688331037
13688331072
13688331087
13688331270
13688331591
13688331692
13688331837
13688331867
13688332153
13688332157
13688332179
13688332362
13688332370
13688332395
13688332529
13688332570
13688332632
13688332692
13688332701
13688332790
13688332837
13688332851
13688333592
13688335032
13688335037
13688335071
13688335076
13688335793
13688335807
13688335927
13688335970
13688335973
13688335982
13688336076
13688336259
13688336385
13688336581
13688336723
13688336725
13688336730
13688336738
13688337029
13688337038
13688337132
13688337152
13688337390
13688337625
13688337937
13688337982
13688338079
13688338102
13688338706
13688339067
13688339071
13688339302
13688351038
13689006730
13689007983
13689012797
13689013525
13689013795
13689015937
13689016107
13689016297
13689016731
13689019037
13689027760
13689029917
13689037512
13689050138
13689050357
13689051703
13689070897
13689071032
13689071052
13689071201
13689071229
13689071297
13689071305
13689071316
13689071397
13689071521
13689071591
13689071722
13689071736
13689071762
13689072123
13689072150
13689072213
13689072523
13689072820
13689072880
13689072927
13689072930
13689072973
13689073113
13689073130
13689073160
13689073205
13689073209
13689073212
13689073250
13689073267
13689073357
13689073510
13689073585
13689073625
13689073638
13689073669
13689073703
13689073782
13689073876
13689075017
13689075019
13689075025
13689075070
13689075095
13689075213
13689075308
13689075331
13689075375
13689075392
13689075525
13689075613
13689075673
13689075720
13689075728
13689075762
13689075809
13689075811
13689075873
13689075963
13689076057
13689076101
13689076263
13689076310
13689076332
13689076356
13689076367
13689076378
13689076526
13689076595
13689076602
13689076689
13689076730
13689076885
13689077057
13689077170
13689077186
13689077217
13689077225
13689077390
13689077522
13689077586
13689077623
13689077857
13689077865
13689077885
13689077933
13689078137
13689078367
13689078397
13689078531
13689078617
13689078692
13689078810
13689079279
13689080062
13689080227
13689080313
13689080370
13689080499
13689080521
13689080523
13689080673
13689080676
13689080710
13689080821
13689080835
13689080923
13689080927
13689080963
13689080967
13689086501
13689086532
13689087397
13689088051
13689088092
13689088107
13689088156
13689088510
13689088701
13689088703
13689089305
13689089607
13689089727
13689090372
13689095383
13699021035
13699032395
13699051071
13699051372
13699051392
13699052705
13699056072
13699057093
13699057316
13699057862
13699058103
13699066519
13699068831
13699073821
13699076239
13699081651
13699081725
13699085190
13699087091
13699087915
13699090631
13699090873
13699091072
13699091083
13699091215
13699091261
13699091273
13699091317
13699091792
13699091796
13699091853
13699092083
13699092307
13699092381
13699092631
13699092675
13699092683
13699092715
13699092753
13699092951
13699093057
13699093125
13699093207
13699093215
13699093276
13699093672
13699093675
13699093751
13699093761
13699093793
13699093795
13699093872
13699095170
13699095372
13699095720
13699095731
13699095796
13699096053
13699096193
13699096251
13699096252
13699096357
13699096397
13699096857
13699097167
13699097173
13699097235
13699097255
13699097351
13699097517
13699097620
13699097752
13699097801
13699097823
13699097971
13699098017
13699098652
13699098671
13699098673
13699419903
13699420018
13699420100
13699420299
13699425005
13699425567
13699426696
13699455506
13699455507
13699455509
13699455513
13699455536
13699455539