13908049170
13908061764
13908063914
13908064972
13908065254
13908067124
13908067462
13908068140
13908069614
13908070541
13908071487
13908072471
13908072643
13908073142
13908073254
13908073264
13908073472
13908073524
13908073554
13908074027
13908075491
13908076104
13908076434
13908077524
13908078403
13908079714
13908092954
13908093842
13908094182
13908094297
13908094392
13908094452
13908095714
13908096514
13908096734
13908099342
13908170265
13908170392
13908170961
13908171092
13908172103
13908172153
13908172570
13908172695
13908172857
13908173085
13908173267
13908173729
13908175190
13908175291
13908177146
13908177253
13908178527
13908178532
13908178651
13908178742
13908178791
13908178920
13908179271
13908179352
13908179610
13908179673
13908188547
13908188584
13908188643
13908188764
13908188940
13908190561
13908190752
13908191063
13908191762
13908192631
13908192675
13908192730
13908193167
13908193517
13908193571
13908193762
13908195032
13908195102
13908195375
13908195716
13908195721
13908195723
13908195731
13908195744
13908196025
13908196072
13908196320
13908196372
13908197605
13908205492
13908205742
13908206741
13908206742
13908207245
13908207246
13908207249
13908207264
13908207645
13908207942
13908211543
13908216541
13908217244
13908218445
13908218472
13908219424
13908223164
13908224196
13908224712
13908224804
13908225204
13908225497
13908225824
13908225942
13908226347
13908226403
13908228594
13908228942
13908229204
13908229640
13908231142
13908231240
13908231814
13908233412
13908234974
13918041684
13918042335
13979055135
13980002427
13980002849
13980003049
13980003470
13980004135
13980004541
13980004584
13980004675
13980004742
13980004752
13980004910
13980005246
13980005491
13980005794
13980005874
13980005914
13980005934
13980006142
13980006274
13980006342
13980006412
13980006414
13980006421
13980006461
13980006849
13980007104
13980007184
13980007204
13980007214
13980007242
13980007245
13980007403
13980007438
13980007454
13980007461
13980007490
13980007492
13980007495
13980007914
13980009463
13980011418
13980013529
13980014149
13980014352
13980014710
13980014740
13980014779
13980014853
13980015340
13980015470
13980016923
13980017451
13980018473
13980019483
13980020342
13980020463
13980021045
13980021459
13980022471
13980024149
13980024177
13980024224
13980024345
13980029432
13980029498
13980030654
13980035026
13980064144
13980064244
13980065848
13980070379
13980070704
13980070747
13980071254
13980080412
13980081140
13980081415
13980081455
13980082248
13980082334
13980082382
13980082646
13980082648
13980082846
13980083144
13980083244
13980083449
13980083483
13980083751
13980084101
13980084315
13980084346
13980085348
13980089244
13980407667
13980408680
13980409068
13980409093
13980409398
13980414040
13980420152
13980422882
13980433341
13980434556
13980436344
13980437366
13980437966
13980440987
13980443255
13980443260
13980443280
13980443283
13980443307
13980443352
13980443358
13980443416
13980443421
13980443427
13980443428
13980443437
13980443463
13980443497
13980443503
13980443528
13980443583
13980443589
13980443592
13980443615
13980443637
13980443644
13980443653
13980443767
13980443778
13980443802
13980443829
13980444161
13980444387
13980444393
13980444539
13980444597
13980444610
13980444623
13980444639
13980444647
13980444673
13980444687
13980444713
13980444714
13980444715
13980444716
13980444827
13980444837
13980445229
13980445498
13980445499
13980446514
13980446524
13980446594
13980447166
13980448024
13980448798
13980449006
13980449338
13980454582
13980460044
13980462218
13980467966
13980469978
13980487599
13980487600
13980487848
13980487966
13980488378
13980488380
13980490766
13980494447
13980500795
13980501595
13980501630
13980501665
13980502083
13980502272
13980507589
13980512703
13980513208
13980513597
13980516089
13980516101
13980516233
13980516690
13980516755
13980516978
13980517233
13980517368
13980517528
13980517638
13980518012
13980518233
13980518860
13980519300
13980520169
13980520252
13980520535
13980520978
13980520996
13980521252
13980521700
13980522335
13980522809
13980522928
13980523011
13980523058
13980523518
13980525006
13980525090
13980525100
13980525220
13980525229
13980525398
13980525850
13980525900
13980525956
13980526292
13980526298
13980526638
13980526708
13980526738
13980527011
13980527038
13980527611
13980527638
13980527938
13980527978
13980528126
13980528162
13980528355
13980528629
13980528781
13980528802
13980528810
13980528812
13980528819
13980529192
13980529262
13980529278
13980529577
13980529662
13980529838
13980530155
13980530200
13980530389
13980530393
13980530638
13980531516
13980531530
13980531908
13980531909
13980532155
13980532196
13980532235
13980532332
13980532500
13980532529
13980532918
13980532978
13980533255
13980533506
13980533538
13980533609
13980533722
13980533758
13980533819
13980535238
13980535280
13980535306
13980535390
13980535519
13980535578
13980535600
13980535635
13980535680
13980535798
13980535869
13980536328
13980536516
13980536519
13980536798
13980536959
13980537068
13980537139
13980537233
13980537522
13980537598
13980538022
13980538062
13980538219
13980538680
13980538685
13980538859
13980538939
13980539011
13980539770
13980540708
13980540798
13980540928
13980541518
13980542108
13980542202
13980542256
13980542533
13980548033
13980548336
13980550212
13980550252
13980550696
13980550798
13980550985
13980551152
13980551183
13980551772
13980552126
13980552326
13980552521
13980552538
13980552638
13980553059
13980553078
13980553329
13980553379
13980553580
13980553995
13980554889
13980555302
13980555932
13980556038
13980556223
13980556360
13980556538
13980556883
13980557928
13980557969
13980558871
13980558873
13980559109
13980559209
13980559331
13980559359
13980559680
13980559930
13980559932
13980559983
13980560378
13980560585
13980561200
13980561309
13980561861
13980561997
13980562037
13980562526
13980562633
13980562647
13980562753
13980563500
13980563578
13980563909
13980564162
13980564190
13980564261
13980564429
13980565308
13980565311
13980565733
13980565742
13980566270
13980566330
13980566332
13980566436
13980566461
13980567245
13980567352
13980567741
13980568122
13980568187
13980568311
13980568943
13980569037
13980569042
13980569078
13980569142
13980569196
13980569311
13980569358
13980569417
13980569461
13980569463
13980569477
13980569511
13980569538
13980569589
13980569632
13980569640
13980569718
13980569742
13980569842
13980569930
13980569985
13980570295
13980570311
13980570372
13980570437
13980570443
13980570491
13980570540
13980570633
13980570733
13980570750
13980570855
13980570933
13980571138
13980571242
13980571295
13980571342
13980571427
13980571447
13980571873
13980572362
13980572370
13980572502
13980572503
13980572592
13980572596
13980572619
13980572632
13980572651
13980572671
13980572709
13980572796
13980572823
13980572863
13980572937
13980572981
13980573285
13980573530
13980573586
13980573592
13980573610
13980573691
13980573716
13980573720
13980573729
13980573770
13980573792
13980573801
13980573829
13980573872
13980573897
13980573960
13980573971
13980573979
13980575051
13980575073
13980575092
13980575153
13980575169
13980575223
13980575306
13980575310
13980575315
13980575327
13980575389
13980575563
13980575592
13980575612
13980575615
13980575685
13980575823
13980575892
13980575901
13980575912
13980575926
13980575961
13980576025
13980576108
13980576150
13980576152
13980576192
13980576212
13980576280
13980576283
13980576351
13980576359
13980576381
13980576395
13980576512
13980576602
13980576623
13980576701
13980576709
13980576753
13980576771
13980576820
13980577002
13980577308
13980577328
13980579027
13980580770
13980582185
13980584334
13980585721
13980585735
13980586270
13980586736
13980586915
13980587023
13980587032
13980587293
13980587392
13980587830
13980587871
13980589231
13980589253
13980589477
13980590632
13980591734
13980591804
13980592103
13980592824
13980592903
13980592934
13980594242
13980594799
13980594988
13980595261
13980595308
13980595357
13980596235
13980596502
13980596572
13980596792
13980596807
13980596917
13980597002
13980597135
13980597162
13980597173
13980597197
13980597263
13980597327
13980597625
13980597635
13980597673
13980597752
13980597793
13980597825
13980598026
13980598035
13980598603
13980598672
13980598725
13980598730
13980598912
13980598920
13980598931
13980598949
13980599052
13980599062
13980599076
13980599083
13980599130
13980601656
13980601690
13980601826
13980602133
13980602169
13980602332
13980602536
13980602662
13980602720
13980603017
13980603063
13980603359
13980603712
13980603730
13980604554
13980604941
13980605101
13980605339
13980605369
13980605372
13980605375
13980605509
13980605579
13980606202
13980606267
13980606359
13980606810
13980606962
13980607039
13980607057
13980607061
13980607336
13980607358
13980607617
13980607659
13980607691
13980607703
13980607735
13980607883
13980608236
13980608322
13980608339
13980608489
13980608712
13980608730
13980608779
13980609330
13980609739
13980609773
13980609871
13980610175
13980610765
13980610910
13980610996
13980611261
13980611639
13980611770
13980611812
13980611887
13980611896
13980611979
13980612012
13980612058
13980612232
13980612262
13980612296
13980612330
13980612332
13980612488
13980612527
13980612577
13980613010
13980613027
13980613278
13980613378
13980613578
13980613798
13980613929
13980615355
13980615589
13980615992
13980616002
13980616065
13980616300
13980616381
13980616562
13980616638
13980616707
13980616717
13980616738
13980616927
13980617003
13980617038
13980617068
13980617101
13980617105
13980617138
13980617167
13980617207
13980617226
13980617255
13980617322
13980617500
13980617619
13980617829
13980618229
13980618369
13980618708
13980618796
13980618857
13980618872
13980619089
13980619209
13980619357
13980619769
13980619836
13980620300
13980620509
13980620550
13980621500
13980621578
13980621620
13980621696
13980621960
13980622138
13980622186
13980622883
13980623055
13980623122
13980623329
13980623396
13980623577
13980623727
13980623880
13980623896
13980623922
13980625128
13980625139
13980625225
13980625277
13980625421
13980625589
13980625623
13980625647
13980625651
13980625690
13980625701
13980625712
13980625735
13980625738
13980625853
13980625875
13980625881
13980625936
13980625955
13980625973
13980626023
13980626026
13980626053
13980626058
13980626077
13980626110
13980626121
13980626183
13980626192
13980626195
13980626205
13980626225
13980626315
13980626352
13980626355
13980626391
13980626392
13980626482
13980626509
13980626510
13980626593
13980626730
13980626821
13980626833
13980626930
13980626955
13980627309
13980627323
13980627337
13980627359
13980627517
13980627519
13980627522
13980627563
13980627571
13980627592
13980627629
13980627651
13980627653
13980627663
13980627670
13980627683
13980627697
13980627760
13980627902
13980627903
13980627906
13980627921
13980627930
13980628012
13980628102
13980628172
13980628176
13980628206
13980628732
13980629016
13980629017
13980629076
13980629208
13980629358
13980629700
13980629705
13980629720
13980629723
13980629782
13980629811
13980629815
13980629851
13980629857
13980629870
13980629926
13980629930
13980630157
13980630172
13980630236
13980630275
13980630283
13980630316
13980630319
13980630515
13980630539
13980630575
13980630579
13980630587
13980630598
13980630601
13980630611
13980630692
13980630712
13980630719
13980630757
13980630768
13980630803
13980630825
13980630873
13980630927
13980630950
13980630951
13980630958
13980630972
13980630976
13980630979
13980631073
13980631083
13980631180
13980631522
13980631652
13980631657
13980631697
13980631807
13980631811
13980631816
13980631823
13980631869
13980631870
13980631885
13980632753
13980633101
13980633197
13980633227
13980633236
13980633273
13980633572
13980633671
13980633712
13980633770
13980633772
13980633867
13980634130
13980635010
13980635028
13980635096
13980635139
13980635182
13980635212
13980635227
13980635237
13980635271
13980635315
13980635317
13980635330
13980635331
13980635337
13980635538
13980635597
13980635632
13980635639
13980635671
13980635756
13980635823
13980635879
13980635892
13980635905
13980635912
13980635972
13980635977
13980635997
13980636017
13980636037
13980636090
13980636131
13980636152
13980636159
13980636167
13980636191
13980636289
13980636305
13980636327
13980636573
13980636580
13980636615
13980636657
13980636692
13980636773
13980636850
13980636935
13980636957
13980636975
13980637011
13980637017
13980637018
13980637053
13980637060
13980637107
13980637126
13980637161
13980637165
13980637167
13980637231
13980637255
13980637307
13980637357
13980637510
13980637526
13980637535
13980637569
13980637726
13980637752
13980637780
13980637909
13980637912
13980637931
13980637960
13980637961
13980637968
13980638037
13980638076
13980638112
13980638117
13980638180
13980638183
13980638202
13980638259
13980638289
13980638610
13980639055
13980639195
13980639238
13980639695
13980639707
13980639782
13980639787
13980639790
13980639891
13980639896
13980639921
13980639970
13980639976
13980640140
13980642456
13980642662
13980642765
13980642882
13980646465
13980647447
13980647484
13980650044
13980650157
13980650239
13980650261
13980650273
13980650274
13980650323
13980650357
13980650372
13980650573
13980650591
13980650627
13980650686
13980650760
13980650763
13980650837
13980650869
13980650895
13980650939
13980650955
13980650973
13980650995
13980650997
13980651031
13980651073
13980651089
13980651102
13980651150
13980651159
13980651259
13980651270
13980651293
13980651307
13980651315
13980651320
13980651337
13980651585
13980651639
13980651653
13980651750
13980651831
13980651867
13980651972
13980652035
13980652107
13980652109
13980652162
13980652179
13980652193
13980652196
13980652197
13980652209
13980652263
13980652281
13980652290
13980652303
13980652312
13980652340
13980652350
13980652357
13980652380
13980652532
13980652570
13980652591
13980652606
13980652629
13980652663
13980652673
13980652681
13980652720
13980652738
13980652771
13980652775
13980652780
13980652793
13980652803
13980652852
13980652911
13980652923
13980652953
13980652980
13980652981
13980653172
13980653180
13980653192
13980653255
13980653269
13980653290
13980653312
13980653358
13980653361
13980653520
13980653531
13980653563
13980653585
13980653621
13980653638
13980653770
13980653829
13980653902
13980653915
13980653916
13980653932
13980654664
13980655002
13980655029
13980655030
13980655075
13980655219
13980655237
13980655267
13980655361
13980655367
13980655378
13980655601
13980655671
13980655725
13980655837
13980655871
13980655897
13980655925
13980655960
13980655967
13980656057
13980656097
13980656122
13980656157
13980656181
13980656219
13980656303
13980656595
13980656607
13980656635
13980656710
13980656796
13980656802
13980656937
13980657019
13980657050
13980657103
13980657108
13980657135
13980657173
13980657189
13980657221
13980657231
13980657237
13980657250
13980657271
13980657290
13980657307
13980657331
13980657339
13980657351
13980657375
13980657519
13980657596
13980657660
13980657729
13980657753
13980657791
13980657820
13980657952
13980657983
13980657985
13980658002
13980658019
13980658050
13980658082
13980658090
13980658125
13980658133
13980658135
13980658150
13980658209
13980658230
13980658271
13980658293
13980658297
13980658317
13980658327
13980658361
13980658382
13980658506
13980658531
13980658533
13980658632
13980658720
13980658751
13980658757
13980658773
13980658785
13980658857
13980658960
13980658973
13980659017
13980659039
13980659097
13980659117
13980659120
13980659121
13980659160
13980659170
13980659173
13980659176
13980659200
13980659207
13980659215
13980659217
13980659257
13980659297
13980659350
13980659352
13980659353
13980659359
13980659361
13980659375
13980659519
13980659562
13980659570
13980659656
13980659662
13980659682
13980659786
13980659896
13980659920
13980659926
13980659937
13980659951
13980660152
13980660179
13980660285
13980660375
13980661073
13980662308
13980662870
13980663172
13980663572
13980663591
13980663617
13980664690
13980664853
13980665029
13980665278
13980665302
13980665723
13980665730
13980665791
13980665971
13980667308
13980667519
13980667615
13980667653
13980669236
13980669275
13980669322
13980669710
13980669735
13980669872
13980670176
13980670738
13980671076
13980671638
13980672362
13980673006
13980673058
13980673265
13980673593
13980673630
13980673670
13980673753
13980675367
13980675377
13980675512
13980675783
13980675901
13980675920
13980676035
13980676156
13980676311
13980678021
13980678196
13980678239
13980678610
13980678695
13980681378
13980683320
13980686591
13980687011
13980687106
13980687183
13980687210
13980687223
13980687321
13980687375
13980687396
13980687522
13980687563
13980687635
13980687638
13980687671
13980687861
13980687906
13980687913
13980687971
13980688162
13980688171
13980688201
13980688323
13980688372
13980688521
13980688573
13980688690
13980688697
13980688715
13980688915
13980689010
13980689030
13980689271
13980689307
13980689317
13980689705
13980689790
13980689862
13980689872
13980690176
13980690196
13980690259
13980690276
13980690283
13980690329
13980690371
13980690372
13980690382
13980690391
13980690432
13980690511
13980690581
13980690630
13980690753
13980690763
13980690769
13980690790
13980690792
13980690795
13980690879
13980690979
13980691030
13980691072
13980691082
13980691200
13980691276
13980691281
13980691372
13980691563
13980691593
13980691631
13980691703
13980691783
13980692059
13980692062
13980692080
13980692085
13980692109
13980692171
13980692178
13980692213
13980692297
13980692319
13980692351
13980692422
13980692502
13980692503
13980692523
13980692571
13980692785
13980692786
13980692812
13980692870
13980692895
13980692927
13980692938
13980692960
13980692997
13980693016
13980693075
13980693087
13980693095
13980693153
13980693161
13980693167
13980693170
13980693321
13980693360
13980693382
13980693509
13980693516
13980693517
13980693581
13980693590
13980693615
13980693713
13980693717
13980693756
13980693763
13980693790
13980693873
13980693879
13980693920
13980694229
13980695010
13980695079
13980695139
13980695157
13980695187
13980695205
13980695261
13980695303
13980695306
13980695322
13980695356
13980695362
13980695375
13980695523
13980695537
13980695586
13980695603
13980695606
13980695653
13980695665
13980695807
13980696073
13980696175
13980696272
13980696326
13980696375
13980696501
13980696537
13980696591
13980696773
13980696807
13980696836
13980696915
13980697091
13980697101
13980697107
13980697112
13980697157
13980697227
13980697260
13980697276
13980697379
13980697505
13980697532
13980697573
13980697657
13980697725
13980697795
13980697807
13980697871
13980697910
13980697965
13980698012
13980698020
13980698030
13980698105
13980698185
13980698190
13980698193
13980698201
13980698252
13980698355
13980698382
13980698557
13980698573
13980698730
13980698757
13980698775
13980698796
13980698825
13980698872
13980698897
13980699036
13980699051
13980699183
13980699253
13980699271
13980699273
13980699352
13980699357
13980699502
13980699505
13980699507
13980699525
13980699760
13980702958
13980705062
13980705369
13980708542
13980708974
13980709245
13980709402
13980709432
13980709434
13980709834
13980710208
13980710356
13980710532
13980711028
13980711067
13980712055
13980712172
13980713075
13980713234
13980713276
13980713287
13980713362
13980713730
13980713780
13980713897
13980713925
13980714378
13980714456
13980714498
13980714511
13980714700
13980714838
13980714880
13980715012
13980715031
13980715181
13980715301
13980715356
13980715383
13980715516
13980715850
13980716022
13980716062
13980716091
13980716110
13980716132
13980716155
13980716210
13980716219
13980716522
13980716795
13980716801
13980716915
13980717020
13980717052
13980717126
13980717223
13980717332
13980717339
13980717372
13980717382
13980717447
13980717470
13980717478
13980717501
13980717506
13980717507
13980717646
13980717655
13980717723
13980717730
13980717817
13980717917
13980717957
13980718027
13980718036
13980718089
13980718135
13980718192
13980718203
13980718391
13980718519
13980718553
13980718653
13980718830
13980718959
13980719012
13980719180
13980719186
13980719220
13980719234
13980719261
13980719363
13980719509
13980719530
13980719572
13980719653
13980719701
13980719782
13980719851
13980720127
13980720129
13980720170
13980720251
13980720267
13980720272
13980720278
13980720287
13980720351
13980720551
13980720552
13980720655
13980720703
13980720850
13980720991
13980721131
13980721156
13980721232
13980721242
13980721267
13980721305
13980721580
13980721691
13980721782
13980721792
13980721900
13980721967
13980722247
13980722297
13980722438
13980722629
13980722692
13980722803
13980722812
13980722892
13980722901
13980722905
13980723031
13980723058
13980723065
13980723167
13980723201
13980723212
13980723500
13980723569
13980723638
13980723819
13980723829
13980723848
13980723860
13980723907
13980724070
13980724226
13980724280
13980724339
13980725176
13980725933
13980734576
13980734629
13980734672
13980734714
13980734725
13980734740
13980734742
13980734782
13980734895
13980734956
13980734983
13980735015
13980735248
13980735270
13980735340
13980735413
13980735423
13980735431
13980735487
13980735625
13980735725
13980735754
13980735763
13980735894
13980735942
13980735994
13980736025
13980736054
13980736107
13980736124
13980736210
13980736240
13980736304
13980736326
13980736443
13980736445
13980736461
13980736474
13980736491
13980736531
13980736547
13980736634
13980736642
13980736709
13980736743
13980736947
13980736970
13980737049
13980737054
13980737144
13980737172
13980737203
13980737314
13980737324
13980737334
13980737346
13980737409
13980737419
13980737429
13980737447
13980737477
13980737494
13980737499
13980737501
13980737657
13980737731
13980737814
13980737839
13980737940
13980737952
13980738014
13980738050
13980738149
13980738172
13980738274
13980738407
13980738410
13980738490
13980738545
13980738579
13980738834
13980738894
13980738914
13980739044
13980739046
13980739114
13980739134
13980739237
13980739240
13980739385
13980739519
13980739524
13980739562
13980739576
13980739634
13980739650
13980739661
13980739746
13980739749
13980739751
13980739764
13980739821
13980739847
13980739946
13980751253
13980751322
13980751382
13980751722
13980751733
13980751735
13980751893
13980752300
13980752352
13980752873
13980752971
13980753071
13980753562
13980753701
13980754141
13980754266
13980754575
13980755022
13980755893
13980755913
13980755990
13980756322
13980756598
13980756873
13980757510
13980757560
13980757596
13980757807
13980758223
13980760466
13980760598
13980760952
13980761302
13980762110
13980762638
13980763039
13980766736
13980768477
13980769100
13980770440
13980772533
13980773861
13980773910
13980773979
13980774558
13980774818
13980775023
13980775060
13980775135
13980775212
13980775675
13980776621
13980777244
13980777274
13980777341
13980778014
13980778074
13980778093
13980778094
13980778209
13980778316
13980778347
13980778401
13980778409
13980778441
13980778523
13980778551
13980778552
13980778560
13980778563
13980778594
13980778596
13980778663
13980778714
13980778792
13980779050
13980779115
13980779159
13980779286
13980779323
13980779326
13980780638
13980781355
13980781615
13980782633
13980782638
13980785718
13980786221
13980786519
13980787339
13980787381
13980787466
13980787514
13980787536
13980787995
13980788091
13980788132
13980788359
13980788379
13980788512
13980789115
13980789538
13980790049
13980791779
13980791823
13980792013
13980793369
13980793655
13980795069
13980796229
13980796795
13980797072
13980797139
13980797227
13980797234
13980797276
13980797456
13980797708
13980797870
13980797875
13980797902
13980797917
13980798021
13980798182
13980798689
13980798696
13980799101
13980799396
13980799530
13980807148
13980807953
13980812342
13980816531
13980817466
13980818433
13980820923
13980821836
13980822053
13980822090
13980822353
13980822396
13980822719
13980822923
13980822952
13980823553
13980823729
13980823850
13980825037
13980825212
13980825359
13980825783
13980825890
13980825901
13980825927
13980825930
13980826310
13980826371
13980826553
13980826750
13980826760
13980827096
13980827097
13980827996
13980828375
13980828535
13980828923
13980829397
13980829575
13980829873
13980830137
13980830536
13980830590
13980830892
13980831295
13980831332
13980831536
13980831637
13980831726
13980831796
13980832087
13980832185
13980832261
13980832292
13980832891
13980833067
13980833156
13980833280
13980833710
13980833736
13980835037
13980835290
13980835378
13980835596
13980835736
13980835963
13980836017
13980838176
13980839328
13980851251
13980851621
13980851659
13980851730
13980852109
13980852297
13980852519
13980852607
13980852783
13980852812
13980852851
13980852875
13980853717
13980853803
13980855386
13980855830
13980855981
13980856235
13980856263
13980857929
13980857969
13980858617
13980858623
13980858732
13980858793
13980859035
13980859072
13980859313
13980859932
13980860275
13980860597
13980861092
13980861137
13980861553
13980862071
13980862092
13980862290
13980862539
13980862812
13980863195
13980863292
13980863925
13980865217
13980865801
13980868651
13980871692
13980872395
13980876908
13980877263
13980877692
13980878136
13980878232
13980878276
13980878293
13980878602
13980878615
13980880142
13980880341
13980880453
13980880484
13980882347
13980882471
13980882563
13980882743
13980882910
13980883483
13980884137
13980884206
13980885710
13980887045
13980888014
13980888554
13980889148
13980889652
13980890172
13980890273
13980890781
13980892301
13980892362
13980892637
13980893011
13980893196
13980893326
13980893595
13980893727
13980893751
13980895097
13980895161
13980895356
13980895583
13980895651
13980895708
13980895822
13980896021
13980896571
13980896572
13980896593
13980898217
13980900735
13980900861
13980900873
13980901075
13980901163
13980901182
13980901512
13980901582
13980901592
13980901593
13980901672
13980901679
13980901702
13980901705
13980901712
13980901796
13980901837
13980901851
13980901859
13980901875
13980901892
13980901896
13980902039
13980902051
13980902072
13980902085
13980902097
13980902107
13980902113
13980902136
13980902162
13980902237
13980902239
13980902259
13980902302
13980902311
13980902330
13980902372
13980902376
13980902532
13980902536
13980902583
13980902615
13980902639
13980902660
13980902670
13980902685
13980902691
13980902701
13980902707
13980902751
13980902752
13980902785
13980902790
13980902819
13980902856
13980902870
13980902872
13980902901
13980902903
13980902906
13980902952
13980902965
13980903052
13980903062
13980903065
13980903067
13980903079
13980903086
13980903105
13980903115
13980903170
13980903202
13980903220
13980903265
13980903275
13980903350
13980903351
13980903371
13980903503
13980903506
13980903529
13980903569
13980903651
13980903702
13980903750
13980903755
13980903765
13980903770
13980903772
13980903885
13980903953
13980903967
13980903972
13980903975
13980904559
13980905013
13980905031
13980905087
13980905112
13980905137
13980905202
13980905219
13980905239
13980905256
13980905257
13980905263
13980905272
13980905293
13980905296
13980905306
13980905313
13980905315
13980905331
13980905367
13980905385
13980905393
13980905517
13980905529
13980905583
13980905597
13980905612
13980905627
13980905721
13980905722
13980905729
13980905730
13980905773
13980905790
13980905803
13980905812
13980905895
13980905903
13980905917
13980905920
13980905932
13980906017
13980906025
13980906035
13980906072
13980906103
13980906150
13980906269
13980906279
13980906283
13980906296
13980906297
13980906362
13980906367
13980906372
13980906395
13980906397
13980906525
13980906539
13980906570
13980906579
13980906582
13980906603
13980906617
13980906673
13980906705
13980906707
13980906709
13980906710
13980906720
13980906725
13980906807
13980906875
13980906936
13980906953
13980906982
13980907083
13980907085
13980907102
13980907105
13980907110
13980907126
13980907130
13980907151
13980907163
13980907173
13980907182
13980907183
13980907202
13980907263
13980907301
13980907302
13980907356
13980907370
13980907392
13980907397
13980907517
13980907529
13980907550
13980907560
13980907590
13980907591
13980907683
13980907689
13980907695
13980907705
13980907816
13980907837
13980907852
13980907857
13980907875
13980907931
13980907935
13980907962
13980908152
13980908173
13980908212
13980908261
13980908291
13980908296
13980908315
13980908325
13980908332
13980908371
13980908375
13980908398
13980909106
13980909112
13980909257
13980909269
13980909275
13980909325
13980909573
13980909735
13980910297
13980910575
13980910637
13980910672
13980910771
13980911257
13980911538
13980911651
13980911721
13980911906
13980912010
13980912252
13980912258
13980912332
13980912361
13980912500
13980912502
13980912507
13980912560
13980912572
13980912592
13980912595
13980912606
13980912660
13980912662
13980912679
13980912682
13980912687
13980912703
13980912716
13980912791
13980912798
13980912863
13980912873
13980912906
13980912952
13980912956
13980912961
13980912963
13980912971
13980913021
13980913053
13980913057
13980913073
13980913078
13980913107
13980913155
13980913165
13980913261
13980913287
13980913289
13980913512
13980913627
13980913663
13980913673
13980913703
13980913735
13980913752
13980913761
13980913771
13980913880
13980914442
13980915100
13980915152
13980915175
13980915300
13980915380
13980915622
13980915763
13980915839
13980915922
13980915963
13980916052
13980916156
13980916176
13980916207
13980916237
13980916273
13980916293
13980916295
13980916337
13980916371
13980916372
13980916383
13980916500
13980916522
13980916567
13980916623
13980916837
13980916921
13980916992
13980917005
13980917062
13980917087
13980917089
13980917101
13980917109
13980917121
13980917398
13980917550
13980917650
13980917670
13980917883
13980917893
13980917923
13980917925
13980917927
13980917995
13980918065
13980918201
13980918231
13980918283
13980918316
13980918322
13980918337
13980918352
13980918638
13980918979
13980919167
13980919235
13980919957
13980919972
13980920159
13980920278
13980920358
13980920512
13980920556
13980920631
13980920716
13980921236
13980921292
13980921355
13980922661
13980923059
13980923511
13980923569
13980923990
13980925012
13980925080
13980925116
13980925132
13980925210
13980925218
13980925579
13980925718
13980925779
13980925979
13980926526
13980926601
13980926933
13980926955
13980927005
13980927060
13980927071
13980927089
13980927110
13980927122
13980927536
13980927760
13980927958
13980928859
13980929020
13980929030
13980929031
13980929213
13980929253
13980929509
13980929569
13980929697
13980929737
13980929770
13980930040
13980930962
13980931482
13980931541
13980931684
13980931704
13980932087
13980932094
13980932432
13980932474
13980932894
13980932941
13980933194
13980933248
13980933407
13980933452
13980933473
13980934145
13980934275
13980934597
13980935331
13980935934
13980936082
13980937932
13980937952
13980937980
13980946183
13980947413
13980950633
13980959350
13980960122
13980962259
13980962956
13980963208
13980963539
13980963671
13980964234
13980965032
13980965646
13980965873
13980966674
13980967196
13980968079
13980969490
13980969491
13980969516
13980969640
13980972976
13980975883
13980977594
13980977934
13980978084
13980978104
13980978421
13980978453
13980978469
13980978473
13980978486
13980978491
13980978714
13980978804
13980978874
13980978980
13980979064
13980979146
13980979424
13980979472
13980979874
13980979905
13980980372
13980980375
13980980536
13980980753
13980981182
13980982056
13980983219
13980983981
13980985081
13980987029
13980988392
13980988529
13980989122
13980992153
13980993716
13980995135
13980998372
13981702239
13981702262
13981702377
13981702511
13981703359
13981703538
13981703611
13981703626
13981704399
13981706078
13981707611
13981707918
13981707958
13981708038
13981708358
13981708728
13981709050
13981709528
13981711619
13981712081
13981712180
13981712295
13981712605
13981712670
13981713031
13981713850
13981714366
13981715126
13981715391
13981715621
13981715895
13981716739
13981717156
13981717162
13981717312
13981717622
13981717821
13981717982
13981718057
13981718370
13981718650
13981718703
13981718706
13981719129
13981719372
13981720569
13981721455
13981723609
13981723779
13981725466
13981725719
13981726033
13981726729
13981726769
13981727316
13981732955
13981735908
13981738200
13981738773
13981739122
13981742188
13981743533
13981743579
13981744528
13981744776
13981749255
13981749608
13981751151
13981752750
13981752870
13981756731
13981757098
13981757236
13981757505
13981758017
13981758082
13981758220
13981759290
13981760301
13981761019
13981762955
13981764266
13981764400
13981765225
13981767308
13981767386
13981767922
13981769739
13981770556
13981771191
13981772292
13981773800
13981776076
13981782367
13981783153
13981783665
13981787053
13981792095
13981792855
13981792995
13981795328
13981800630
13981801269
13981801329
13981802282
13981802389
13981802605
13981802609
13981802770
13981802976
13981803181
13981803221
13981803782
13981803831
13981805103
13981805325
13981805336
13981805356
13981805783
13981805981
13981806251
13981806376
13981806551
13981806750
13981807106
13981807137
13981807253
13981807291
13981807573
13981808271
13981808458
13981810490
13981810644
13981811576
13981811714
13981812750
13981813478
13981814025
13981814075
13981814079
13981814132
13981814396
13981814526
13981814539
13981814708
13981814901
13981815349
13981815837
13981816140
13981816402
13981817184
13981817251
13981817302
13981817352
13981817413
13981817418
13981817487
13981817582
13981817714
13981817734
13981817741
13981818542
13981820381
13981821079
13981821509
13981821620
13981821735
13981822529
13981822651
13981822827
13981823197
13981823509
13981825209
13981825753
13981826232
13981827323
13981827590
13981829538
13981831500
13981831750
13981832707
13981838201
13981851052
13981852683
13981855261
13981859163
13981859210
13981862061
13981865036
13981871655
13981876963
13981879011
13981879602
13981880795
13981883192
13981883570
13981883857
13981885162
13981885382
13981885630
13981885693
13981886072
13981886930
13981889032
13981890357
13981890848
13981895370
13981901576
13981901661
13981901738
13981903312
13981905530
13981905903
13981907505
13981907636
13981907875
13981907971
13981909032
13981909263
13981909710
13981909733
13981911673
13981913267
13981913571
13981915073
13981916215
13981920167
13981924477
13981927110
13981930386
13981931269
13981936753
13981937153
13981937393
13981960872
13981963700
13981964164
13981964243
13981964246
13981964452
13981964453
13981964465
13981964471
13981964494
13981964495
13981964497
13981964504
13981964584
13981964634
13981964784
13981964843
13981964941
13981964945
13981965424
13981965440
13981965445
13981965491
13981965842
13981965844
13981965883
13981966441
13981966497
13981966735
13981967569
13981968975
13981969003
13981969378
13981972012
13981972369
13982012097
13982012522
13982019030
13982019093
13982019455
13982019655
13982020281
13982021975
13982024368
13982025411
13982026136
13982029870
13982031322
13982032238
13982035502
13982036105
13982037095
13982039273
13982041655
13982043398
13982046258
13982047757
13982050329
13982050689
13982051159
13982051797
13982053096
13982053983
13982058259
13982058529
13982059293
13982059379
13982060210
13982060695
13982062381
13982063107
13982065803
13982067905
13982068300
13982070172
13982070533
13982070736
13982071058
13982071221
13982071387
13982071895
13982072898
13982073157
13982073727
13982073811
13982076615
13982079956
13982080253
13982081172
13982081592
13982083819
13982086297
13982089712
13982090539
13982090851
13982091059
13982091072
13982091073
13982091221
13982091753
13982092310
13982092317
13982092556
13982092572
13982092636
13982092652
13982092679
13982092996
13982093053
13982093058
13982093101
13982093565
13982093720
13982095105
13982095226
13982095257
13982095279
13982095710
13982096379
13982096397
13982097257
13982097781
13982097943
13982098253
13982098297
13982104377
13982104951
13982106838
13982107756
13982107855
13982109176
13982109397
13982109915
13982111402
13982111465
13982111554
13982111804
13982111814
13982115180
13982115379
13982115638
13982117370
13982117530
13982117638
13982118159
13982119396
13982119466
13982119890
13982120550
13982121382
13982122069
13982122359
13982123440
13982123478
13982123505
13982123718
13982125336
13982126738
13982126906
13982127005
13982127488
13982128206
13982128761
13982128835
13982129509
13982130770
13982130927
13982132552
13982136206
13982137578
13982138020
13982140299
13982140798
13982140900
13982141067
13982141198
13982141307
13982143008
13982144199
13982147772
13982149508
13982149708
13982149979
13982151415
13982151433
13982151779
13982153169
13982153639
13982156022
13982156646
13982157038
13982159276
13982160950
13982160979
13982161013
13982164633
13982165710
13982165727
13982165807
13982165830
13982165920
13982166172
13982166310
13982166422
13982166461
13982167478
13982170270
13982171478
13982177037
13982178937
13982179097
13982179501
13982179970
13982181375
13982183102
13982183157
13982185095
13982200194
13982200631
13982200653
13982201242
13982201374
13982201389
13982201452
13982201689
13982201743
13982202060
13982202106
13982202578
13982203209
13982203306
13982203708
13982205398
13982205575
13982205883
13982206318
13982208329
13982209409
13982209511
13982209638
13982209916
13982210169
13982210882
13982212242
13982212296
13982213012
13982213178
13982214990
13982216012
13982217378
13982217455
13982218972
13982219028
13982219039
13982219161
13982220873
13982221327
13982221730
13982223197
13982223761
13982225712
13982228375
13982231606
13982232205
13982232265
13982232275
13982233810
13982235670
13982236211
13982236779
13982237208
13982239078
13982242297
13982244005
13982244598
13982245018
13982245022
13982245733
13982248554
13982250283
13982251610
13982251670
13982252473
13982255701
13982256863
13982257651
13982258610
13982259529
13982259652
13982260221
13982260646
13982261073
13982265356
13982265673
13982266562
13982267039
13982267261
13982267380
13982270132
13982270172
13982270653
13982273562
13982273760
13982273915
13982275916
13982278437
13982278638
13982279095
13982279809
13982281690
13982281705
13982281832
13982282105
13982282427
13982282443
13982282730
13982283270
13982283506
13982283597
13982283610
13982283673
13982283791
13982283873
13982284166
13982284432
13982284994
13982285031
13982285192
13982285306
13982285371
13982285902
13982286012
13982286237
13982286293
13982286523
13982287183
13982288404
13982288424
13982288973
13982291073
13982292697
13982292851
13982293521
13982293590
13982295103
13982295192
13982295261
13982295283
13982295517
13982295571
13982295792
13982296395
13982297013
13982297269
13982297807