13808010267
13808010573
13808019563
13808019582
13808019825
13808019976
13808021076
13808021275
13808021532
13808021535
13808021692
13808021852
13808022590
13808023059
13808023062
13808023071
13808023107
13808023206
13808023821
13808023852
13808023932
13808025101
13808025275
13808025637
13808025691
13808025730
13808025907
13808025921
13808026105
13808026381
13808026507
13808026529
13808026692
13808026760
13808026821
13808026891
13808027165
13808027169
13808027192
13808027531
13808027573
13808027837
13808028075
13808028097
13808028107
13808028172
13808028309
13808028605
13808028757
13808039835
13808050250
13808050762
13808051892
13808052251
13808052371
13808053732
13808053831
13808055691
13808055971
13808056395
13808057382
13808059251
13808059286
13808059308
13808059532
13808061092
13808061159
13808062019
13808062773
13808063617
13808063871
13808065309
13808065971
13808066291
13808067191
13808068320
13808068702
13808069620
13808069803
13808070561
13808070872
13808072693
13808073091
13808073178
13808073519
13808073613
13808073625
13808073652
13808073712
13808073726
13808073762
13808073782
13808073935
13808073952
13808073961
13808075039
13808075093
13808075172
13808075192
13808075269
13808075360
13808075386
13808075571
13808075597
13808075710
13808075806
13808075832
13808075865
13808075873
13808075957
13808075963
13808076031
13808076065
13808076152
13808076157
13808076193
13808076209
13808076270
13808076583
13808076603
13808076703
13808076705
13808076712
13808076719
13808076812
13808076850
13808076957
13808077302
13808078013
13808078251
13808078302
13808078531
13808079153
13808079186
13808079209
13808079302
13808079382
13808079626
13808079682
13808079705
13808079710
13808079722
13808079830
13808079891
13808079953
13808084273
13808084274
13808085379
13808090195
13808090237
13808090351
13808090352
13808090385
13808090458
13808090583
13808090772
13808090791
13808092132
13808092344
13808092637
13808092731
13808092897
13808093037
13808093202
13808093537
13808093563
13808095029
13808095293
13808095361
13808095370
13808095381
13808095382
13808095592
13808095672
13808095782
13808096025
13808096059
13808096107
13808096237
13808096281
13808096307
13808096357
13808096539
13808096726
13808096729
13808096736
13808097037
13808097101
13808097257
13808097296
13808097305
13808097320
13808097532
13808097625
13808097827
13808097893
13808170061
13808170155
13808170236
13808170269
13808170361
13808170371
13808170392
13808170572
13808170581
13808170672
13808170769
13808170773
13808170782
13808170956
13808170985
13808171150
13808171173
13808171251
13808171305
13808171550
13808171569
13808171671
13808171690
13808171752
13808171810
13808171860
13808171915
13808171937
13808172065
13808172103
13808172153
13808172167
13808172198
13808172237
13808172260
13808172273
13808172286
13808172337
13808172352
13808172360
13808172536
13808172569
13808172632
13808172635
13808172680
13808172761
13808172763
13808172901
13808172922
13808173021
13808173053
13808173095
13808173107
13808173109
13808173152
13808173160
13808173171
13808173611
13808173687
13808173736
13808173825
13808173826
13808173829
13808173859
13808173862
13808173902
13808173910
13808173962
13808173986
13808175019
13808175032
13808175061
13808175079
13808175097
13808175150
13808175170
13808175195
13808175230
13808175239
13808175271
13808175330
13808175371
13808175372
13808175510
13808175669
13808175670
13808177270
13808177569
13808178627
13808179310
13808179570
13808179605
13808180262
13808181607
13808182157
13808185835
13808186053
13808186281
13808186359
13808186512
13808186832
13808186902
13808186952
13808187379
13808187582
13808187602
13808187603
13808187901
13808187971
13808189251
13808189303
13808189332
13808189562
13808189970
13808190193
13808190375
13808190569
13808190673
13808190697
13808190711
13808190721
13808190762
13808190835
13808191053
13808191091
13808191095
13808191237
13808191250
13808191275
13808191308
13808191329
13808191330
13808191352
13808191397
13808191530
13808191552
13808191565
13808191630
13808191660
13808191675
13808191728
13808191779
13808191802
13808192689
13808193022
13808193101
13808193529
13808194858
13808195230
13808196209
13808196219
13808198306
13808199201
13808199397
13808201087
13808201339
13808201662
13808201813
13808202276
13808202763
13808203007
13808203301
13808203513
13808203682
13808203706
13808203879
13808204442
13808205063
13808205295
13808205612
13808205625
13808206332
13808206723
13808207061
13808207359
13808207360
13808207875
13808209682
13808210190
13808210329
13808210591
13808210956
13808211297
13808211593
13808211623
13808211775
13808211827
13808212113
13808212124
13808212605
13808213219
13808213532
13808215369
13808216213
13808216231
13808216350
13808216751
13808217130
13808217189
13808217207
13808217360
13808217955
13808218301
13808218503
13808218531
13808218591
13808219183
13808219290
13808219307
13808219583
13808219863
13808220631
13808220897
13808220986
13808221506
13808221879
13808223250
13808223379
13808223851
13808225019
13808225756
13808225817
13808227095
13808227510
13808229175
13808229336
13808229337
13808229517
13808229620
13808229761
13808229825
13808229873
13808234757
13808234822
13808234827
13808235638
13808237187
13808237506
13808237507
13880001047
13880001467
13880002446
13880002491
13880004752
13880006410
13880006734
13880007409
13880009754
13880011259
13880013261
13880013291
13880013755
13880014717
13880015605
13880016753
13880016798
13880016971
13880017570
13880017605
13880017863
13880017925
13880018727
13880019336
13880019652
13880019673
13880020352
13880020362
13880020635
13880020673
13880021984
13880022641
13880023029
13880023539
13880023912
13880023982
13880026795
13880026895
13880027617
13880027671
13880028536
13880029032
13880029067
13880030156
13880030362
13880030679
13880031571
13880031932
13880032157
13880032787
13880032971
13880033405
13880033482
13880033493
13880033497
13880035257
13880035630
13880035810
13880036592
13880036691
13880036701
13880036870
13880037083
13880037238
13880038925
13880039057
13880039544
13880039661
13880039716
13880039937
13880039953
13880043700
13880058211
13880058776
13880060391
13880061815
13880062396
13880063689
13880063772
13880065278
13880067382
13880067559
13880070210
13880070533
13880071628
13880072305
13880072662
13880072959
13880075806
13880075901
13880075909
13880075917
13880075932
13880075968
13880075973
13880075990
13880076032
13880076128
13880076215
13880076285
13880076378
13880076532
13880076812
13880078021
13880078659
13880078739
13880079083
13880079359
13880079382
13880079391
13880079532
13880079550
13880080391
13880080675
13880080785
13880080972
13880081035
13880081790
13880082387
13880083248
13880083581
13880083705
13880083851
13880083976
13880085190
13880085370
13880086051
13880086057
13880086380
13880086581
13880086975
13880087023
13880087051
13880087091
13880087257
13880087261
13880087583
13880087603
13880087732
13880089237
13880089560
13880097657
13880098373
13880100156
13880100159
13880100289
13880100392
13880100562
13880100676
13880100721
13880100736
13880100752
13880100781
13880100853
13880100873
13880100932
13880100982
13880101609
13880101635
13880101950
13880102063
13880102261
13880102329
13880102362
13880102582
13880102653
13880102692
13880102719
13880102762
13880102803
13880102867
13880102975
13880103062
13880103091
13880103097
13880103268
13880103289
13880103305
13880103351
13880103552
13880103572
13880103591
13880103593
13880103603
13880103676
13880103718
13880103860
13880105301
13880107735
13880107786
13880108851
13880109891
13880110151
13880110225
13880110302
13880110925
13880111974
13880112036
13880112114
13880113076
13880113879
13880114700
13880114877
13880115687
13880117101
13880117151
13880120262
13880124029
13880124141
13880124440
13880124828
13880126181
13880126597
13880126756
13880132280
13880132376
13880132586
13880132596
13880132601
13880132621
13880132681
13880132693
13880132765
13880132805
13880132809
13880132832
13880132896
13880132905
13880132953
13880133051
13880133052
13880133101
13880133117
13880133176
13880133263
13880133269
13880133291
13880133307
13880133509
13880133512
13880133538
13880133569
13880133602
13880133620
13880133662
13880133692
13880133729
13880133753
13880133759
13880133768
13880133772
13880133821
13880133896
13880133902
13880133931
13880133965
13880133981
13880135023
13880135121
13880135171
13880135331
13880135382
13880135521
13880135576
13880135602
13880135660
13880135738
13880135755
13880135813
13880135815
13880135892
13880135906
13880135935
13880136007
13880136010
13880136022
13880136023
13880136038
13880136086
13880136105
13880136132
13880136152
13880136171
13880136178
13880136195
13880136206
13880136218
13880136221
13880136232
13880136302
13880136376
13880136510
13880136525
13880136532
13880136559
13880136590
13880136603
13880136605
13880136632
13880136653
13880136755
13880136851
13880136931
13880136976
13880136982
13880136983
13880137030
13880137080
13880137116
13880137133
13880137191
13880137233
13880137339
13880137513
13880137521
13880137629
13880137713
13880137730
13880137738
13880137769
13880137833
13880137997
13880138032
13880138050
13880138171
13880138335
13880138373
13880138396
13880138502
13880138650
13880138671
13880138709
13880138761
13880138783
13880138873
13880138905
13880138920
13880138939
13880138961
13880139011
13880139032
13880139058
13880139059
13880139115
13880139197
13880139200
13880139251
13880139282
13880139303
13880139322
13880139325
13880139516
13880139552
13880139577
13880139590
13880139636
13880139653
13880139695
13880139697
13880139812
13880139828
13880139832
13880139865
13880139871
13880139878
13880139882
13880139893
13880139952
13880139965
13880139976
13880140998
13880144001
13880144893
13880145182
13880150013
13880150037
13880150090
13880150152
13880150162
13880150163
13880150239
13880150286
13880150332
13880150357
13880150358
13880150359
13880150380
13880150381
13880150389
13880150398
13880150516
13880150526
13880150552
13880150690
13880150719
13880150721
13880150771
13880150872
13880150882
13880150896
13880150953
13880150973
13880150977
13880150985
13880151037
13880151075
13880151102
13880151161
13880151193
13880151196
13880151378
13880151633
13880151760
13880151761
13880151836
13880151857
13880151909
13880151912
13880151922
13880151923
13880151927
13880152012
13880152109
13880152153
13880152258
13880152271
13880152272
13880152275
13880152380
13880152507
13880152522
13880152539
13880152550
13880152569
13880152571
13880152609
13880152619
13880152625
13880152710
13880152718
13880152731
13880153695
13880155822
13880155908
13880156911
13880157178
13880157600
13880161479
13880162749
13880162857
13880162945
13880165315
13880165323
13880165359
13880165369
13880165609
13880165707
13880165773
13880166019
13880166209
13880166313
13880166370
13880166501
13880166579
13880166590
13880166729
13880166817
13880166859
13880166873
13880166875
13880166907
13880167073
13880167107
13880167206
13880167229
13880167359
13880167371
13880167372
13880167375
13880167508
13880167535
13880167726
13880167753
13880167785
13880167820
13880167853
13880167938
13880168135
13880168175
13880168292
13880168306
13880168330
13880168535
13880168539
13880168620
13880168621
13880168622
13880168635
13880168720
13880168758
13880168773
13880168825
13880168872
13880169005
13880169122
13880169187
13880169265
13880169282
13880169296
13880169308
13880169309
13880169322
13880169355
13880169395
13880169513
13880169578
13880169585
13880169635
13880169706
13880170229
13880170268
13880170502
13880170530
13880170610
13880170658
13880170663
13880170870
13880171050
13880171159
13880171173
13880171335
13880171522
13880171538
13880171571
13880171638
13880171691
13880171822
13880171851
13880171860
13880171883
13880171910
13880171930
13880172018
13880172029
13880172070
13880172072
13880172122
13880172538
13880172635
13880172638
13880172702
13880172879
13880172932
13880172938
13880172955
13880173019
13880173175
13880173219
13880173368
13880173508
13880173569
13880173570
13880173660
13880173697
13880173708
13880173713
13880173730
13880173757
13880173779
13880173955
13880175038
13880175122
13880175136
13880175186
13880175202
13880175221
13880175223
13880175663
13880175669
13880175679
13880175923
13880175965
13880176026
13880176057
13880176128
13880176131
13880176261
13880176289
13880176300
13880176326
13880176506
13880176536
13880176735
13880176797
13880176865
13880176950
13880177038
13880177060
13880177071
13880177196
13880177235
13880177526
13880177556
13880177611
13880177636
13880177638
13880177962
13880178005
13880178052
13880178132
13880178185
13880178231
13880178238
13880178265
13880178270
13880178271
13880178301
13880178305
13880178319
13880178531
13880178557
13880178571
13880178581
13880178583
13880178625
13880178813
13880178852
13880178863
13880178903
13880178925
13880179082
13880179231
13880179250
13880179265
13880179578
13880179613
13880179651
13880179733
13880179755
13880179815
13880179821
13880180171
13880180173
13880180176
13880180261
13880180267
13880180279
13880180285
13880180286
13880180378
13880180387
13880180590
13880180665
13880180675
13880180751
13880180771
13880181073
13880181167
13880181267
13880181306
13880181379
13880181570
13880181601
13880181735
13880181737
13880181795
13880181917
13880182106
13880182137
13880182155
13880182187
13880182213
13880182267
13880182367
13880182387
13880182517
13880182521
13880182556
13880182562
13880182572
13880182585
13880182653
13880182661
13880182723
13880182751
13880182753
13880182767
13880182783
13880183089
13880183130
13880183169
13880183551
13880185010
13880185035
13880185112
13880185116
13880185307
13880185317
13880185360
13880185367
13880185516
13880185707
13880185827
13880185912
13880185937
13880185956
13880185976
13880186075
13880186297
13880186356
13880186507
13880186526
13880186557
13880186571
13880186572
13880186637
13880186673
13880186837
13880186879
13880186907
13880186933
13880186971
13880187010
13880187013
13880187031
13880187035
13880187151
13880187159
13880187165
13880187170
13880187197
13880187253
13880187279
13880187317
13880187325
13880187352
13880187396
13880187553
13880187570
13880187590
13880187612
13880187632
13880187660
13880187729
13880187739
13880187785
13880187806
13880187826
13880187850
13880187912
13880187919
13880187922
13880187933
13880187935
13880187939
13880187975
13880188237
13880188261
13880188271
13880188529
13880189057
13880189071
13880189197
13880189239
13880189257
13880189271
13880189276
13880189337
13880189392
13880189550
13880189581
13880189597
13880189627
13880189720
13880190031
13880190352
13880190358
13880190536
13880190657
13880190706
13880190723
13880190767
13880190769
13880190771
13880190775
13880190776
13880190795
13880190796
13880190837
13880190951
13880191035
13880191071
13880191093
13880191253
13880191262
13880191305
13880191326
13880191357
13880191372
13880192027
13880192036
13880192077
13880192079
13880192108
13880192185
13880192235
13880192251
13880192308
13880192352
13880192367
13880192382
13880192539
13880192571
13880192572
13880192587
13880192605
13880192651
13880192671
13880192702
13880192708
13880192710
13880192723
13880192731
13880192732
13880192735
13880192738
13880192937
13880193017
13880193071
13880193075
13880193157
13880193163
13880193195
13880193196
13880193276
13880193510
13880193530
13880193552
13880193580
13880193671
13880193672
13880193751
13880193759
13880193761
13880193769
13880193773
13880193786
13880193803
13880193812
13880193832
13880193951
13880193967
13880195002
13880195013
13880195063
13880195072
13880195132
13880195217
13880195260
13880195272
13880195308
13880195326
13880195369
13880195535
13880195539
13880195603
13880195625
13880195661
13880195667
13880195670
13880195703
13880195717
13880195735
13880195750
13880195832
13880195952
13880195957
13880195967
13880195982
13880196002
13880196017
13880196026
13880196061
13880196206
13880196207
13880196267
13880196380
13880196507
13880196601
13880196705
13880196707
13880196812
13880196938
13880196957
13880196982
13880197025
13880197035
13880197051
13880197067
13880197071
13880197086
13880197126
13880197167
13880197175
13880197180
13880197185
13880197216
13880197256
13880197303
13880197335
13880197357
13880197362
13880197382
13880197391
13880197396
13880197507
13880197532
13880197538
13880197560
13880197620
13880197623
13880197625
13880197673
13880197685
13880197686
13880197689
13880197692
13880197696
13880197702
13880197732
13880197736
13880197739
13880197752
13880197760
13880197855
13880197870
13880197895
13880197897
13880197920
13880197925
13880197961
13880197973
13880197975
13880198217
13880198263
13880198332
13880198337
13880198375
13880198378
13880198379
13880198632
13880198727
13880199635
13880201137
13880205519
13880205671
13880210398
13880210600
13880212039
13880213438
13880214151
13880214318
13880214345
13880214538
13880214598
13880214611
13880214911
13880215445
13880216411
13880218277
13880219155
13880219369
13880220648
13880221429
13880222140
13880222475
13880224048
13880224238
13880224252
13880224345
13880224608
13880224622
13880224698
13880224748
13880224884
13880224939
13880225093
13880226448
13880227478
13880228042
13880228466
13880228498
13880228840
13880235393
13880236029
13880236279
13880236387
13880236511
13880236519
13880236739
13880236775
13880236791
13880236839
13880237073
13880237093
13880237101
13880237181
13880237189
13880237210
13880237211
13880237267
13880237282
13880237292
13880237295
13880237355
13880237513
13880237569
13880237607
13880237620
13880237622
13880237690
13880237692
13880237705
13880237712
13880237715
13880237719
13880237735
13880237756
13880237780
13880237869
13880237893
13880237926
13880237950
13880237981
13880238017
13880238101
13880238121
13880238221
13880238267
13880238291
13880238305
13880238360
13880238372
13880238379
13880238517
13880238522
13880238602
13880238611
13880238657
13880238691
13880238709
13880238723
13880238760
13880238763
13880238785
13880238925
13880238928
13880238965
13880238974
13880239011
13880239015
13880239072
13880239138
13880239181
13880239185
13880239187
13880239201
13880239257
13880239297
13880239371
13880239387
13880239519
13880239559
13880239560
13880239569
13880239627
13880239709
13880239712
13880239717
13880239761
13880239773
13880239793
13880239886
13880239896
13880239956
13880249466
13880250100
13880250155
13880250162
13880250196
13880250238
13880250283
13880250286
13880250289
13880250293
13880250331
13880250360
13880250363
13880250501
13880250517
13880250563
13880250565
13880250573
13880250655
13880250671
13880250732
13880250771
13880250783
13880250793
13880250836
13880250860
13880250920
13880250931
13880251019
13880251070
13880251109
13880251128
13880251136
13880251167
13880251187
13880251336
13880251372
13880251375
13880251527
13880251539
13880251553
13880251561
13880251597
13880251639
13880251670
13880251757
13880251826
13880251873
13880251920
13880251938
13880251971
13880252036
13880252075
13880252077
13880252078
13880252170
13880252206
13880252231
13880252251
13880252273
13880252278
13880252290
13880252291
13880252301
13880252305
13880252360
13880252362
13880252373
13880252705
13880252718
13880252732
13880252735
13880252761
13880252762
13880252771
13880252773
13880252790
13880252791
13880252817
13880252856
13880252872
13880252907
13880252933
13880252972
13880253129
13880253163
13880253171
13880253175
13880253191
13880253200
13880253236
13880253238
13880253326
13880253381
13880253516
13880253522
13880253537
13880255239
13880255356
13880258053
13880269001
13880269160
13880269250
13880269335
13880271301
13880271523
13880271525
13880279305
13880289231
13880289672
13880289727
13880290755
13880290810
13880290983
13880292506
13880292690
13880293089
13880293289
13880293995
13880297976
13880299351
13880301079
13880304219
13880309263
13880309769
13880309851
13880309860
13880312628
13880312870
13880313018
13880313953
13880314788
13880315317
13880315506
13880315837
13880316155
13880316211
13880316268
13880316281
13880316285
13880316729
13880317209
13880317253
13880317293
13880317532
13880318390
13880326136
13880326202
13880326233
13880326585
13880326609
13880327133
13880327282
13880327738
13880328139
13880328711
13880329069
13880329181
13880329208
13880329539
13880330239
13880330582
13880330797
13880331359
13880331371
13880331719
13880332169
13880332272
13880332601
13880332827
13880332856
13880333029
13880334766
13880335650
13880336089
13880336209
13880336575
13880337002
13880337897
13880338499
13880338506
13880338629
13880339072
13880339109
13880339316
13880339585
13880339592
13880350059
13880350212
13880350278
13880350559
13880350958
13880350986
13880351516
13880351916
13880351926
13880352139
13880352586
13880352609
13880352822
13880352856
13880352973
13880352992
13880353216
13880353369
13880353513
13880353758
13880353831
13880353937
13880355026
13880355728
13880356036
13880356316
13880356586
13880357576
13880357652
13880358522
13880358591
13880358616
13880358626
13880358872
13880359139
13880359219
13880359259
13880359335
13880359503
13880359752
13880359819
13880359895
13880360021
13880360061
13880360122
13880360155
13880360659
13880360737
13880360765
13880360859
13880360916
13880361060
13880361885
13880361906
13880362115
13880362621
13880362638
13880362792
13880362859
13880362938
13880363080
13880363157
13880363530
13880363585
13880365059
13880365589
13880365606
13880365987
13880366282
13880366385
13880366529
13880366551
13880366706
13880366760
13880367003
13880367227
13880367372
13880367508
13880367673
13880367708
13880367796
13880367919
13880367959
13880368052
13880368655
13880369192
13880369519
13880369883
13880370655
13880370709
13880371161
13880371976
13880372010
13880372116
13880372308
13880372358
13880372996
13880373090
13880373876
13880375717
13880375722
13880376089
13880376269
13880376328
13880377058
13880377313
13880377968
13880378023
13880378053
13880378598
13880378722
13880378782
13880378798
13880378821
13880379033
13880379195
13880379559
13880380356
13880380770
13880381303
13880381317
13880381322
13880381776
13880382115
13880382139
13880383329
13880383578
13880383631
13880383735
13880383805
13880383979
13880384456
13880385011
13880385115
13880385153
13880385239
13880386159
13880386369
13880386382
13880386782
13880387079
13880388291
13880388653
13880389385
13880389390
13880389708
13880389893
13880390106
13880390255
13880390378
13880390590
13880390717
13880390938
13880391091
13880391291
13880391385
13880391505
13880391879
13880392012
13880392639
13880392717
13880392758
13880392986
13880393035
13880393537
13880393553
13880393559
13880393728
13880395239
13880395676
13880395809
13880395829
13880395928
13880395936
13880395952
13880395992
13880396012
13880396035
13880396093
13880396129
13880396536
13880396960
13880396980
13880397633
13880397889
13880398226
13880398606
13880398870
13880398916
13880399023
13880399037
13880399109
13880399219
13880399893
13880400351
13880400377
13880400462
13880400476
13880400548
13880400736
13880400965
13880400994
13880401066
13880401441
13880401499
13880402636
13880403198
13880403228
13880403508
13880403536
13880403656
13880404012
13880404149
13880405258
13880405445
13880405939
13880406056
13880406268
13880406318
13880406638
13880407234
13880407466
13880407478
13880407708
13880407828
13880408002
13880408128
13880408198
13880408299
13880408980
13880409318
13880409390
13880409522
13880409656
13880409870
13880409890
13880409920
13880410318
13880410788
13880411146
13880411800
13880412202
13880412292
13880412298
13880414142
13880414145
13880414240
13880414341
13880415099
13880417299
13880418043
13880421233
13880422270
13880422295
13880422476
13880422540
13880423410
13880423471
13880423476
13880423577
13880423588
13880423599
13880424017
13880424145
13880424183
13880424312
13880424747
13880426266
13880431266
13880433223
13880433325
13880433765
13880434199
13880434358
13880434699
13880434766
13880435966
13880436099
13880436366
13880436488
13880436644
13880437866
13880438266
13880438799
13880440166
13880440366
13880441551
13880441566
13880442199
13880443432
13880443773
13880444032
13880444073
13880444173
13880444265
13880444337
13880444347
13880444387
13880444535
13880444749
13880445799
13880447266
13880447466
13880448166
13880448258
13880448266
13880448821
13880448959
13880450566
13880450899
13880452066
13880455766
13880457099
13880458199
13880458228
13880460599
13880461066
13880461299
13880461599
13880463058
13880463599
13880464689
13880465488
13880465811
13880467266
13880470766
13880471966
13880473488
13880474588
13880477499
13880478499
13880480699
13880480899
13880484399
13880487866
13880489448
13880490388
13880492188
13880492488
13880494299
13880495199
13880495299
13880495919
13880496599
13880497003
13880497059
13880497089
13880497399
13880500195
13880500237
13880500569
13880500583
13880500675
13880500682
13880500735
13880500773
13880500798
13880500982
13880501038
13880503382
13880507559
13880507783
13880508131
13880508339
13880508609
13880508725
13880510929
13880511069
13880512289
13880512332
13880512389
13880513916
13880513923
13880514566
13880515002
13880515652
13880515759
13880515891
13880516135
13880516252
13880516396
13880516908
13880517011
13880517108
13880517151
13880517358
13880517369
13880517488
13880517569
13880517689
13880517737
13880517876
13880519209
13880521085
13880521392
13880521552
13880522535
13880522798
13880522826
13880522912
13880522938
13880522996
13880523032
13880523036
13880523051
13880523122
13880523320
13880523353
13880523885
13880524446
13880525300
13880525516
13880526466
13880527023
13880527811
13880528032
13880528203
13880528209
13880528356
13880528557
13880528761
13880529022
13880529096
13880529509
13880529578
13880530036
13880530082
13880530206
13880530302
13880530569
13880530765
13880530877
13880530959
13880531007
13880531167
13880531233
13880531969
13880532087
13880532089
13880532313
13880532318
13880532595
13880533039
13880533078
13880533086
13880533343
13880533529
13880534442
13880534520
13880535225
13880535952
13880536255
13880536691
13880537117
13880538002
13880538769
13880538798
13880539913
13880540899
13880541466
13880543118
13880546168
13880548168
13880551065
13880551075
13880551250
13880551289
13880551375
13880551612
13880552090
13880552617
13880552935
13880553206
13880553219
13880554408
13880556170
13880556935
13880557132
13880557682
13880557892
13880557950
13880557959
13880558329
13880559205
13880559325
13880559419
13880559496
13880559554
13880559578
13880560040
13880560630
13880561659
13880562533
13880562536
13880562823
13880563010
13880563011
13880563218
13880563258
13880563700
13880563779
13880565821
13880565950
13880566532
13880566797
13880567075
13880567280
13880567499
13880567511
13880567661
13880568169
13880568220
13880568516
13880569031
13880570440
13880571277
13880571676
13880572167
13880572987
13880573934
13880574007
13880574183
13880574681
13880574743
13880575650
13880575995
13880576977
13880577471
13880577853
13880578020
13880578197
13880578281
13880578607
13880578835
13880580091
13880581316
13880583037
13880583108
13880583455
13880583503
13880583917
13880583963
13880584699
13880584884
13880585004
13880585733
13880585737
13880587129
13880587176
13880587572
13880587801
13880588097
13880588251
13880588706
13880589708
13880589930
13880593398
13880593677
13880596078
13880596159
13880597929
13880598318
13880598398
13880599219
13880599954
13880600157
13880600679
13880600935
13880600953
13880601170
13880601396
13880601751
13880601850
13880601921
13880601933
13880602561
13880602751
13880602783
13880602917
13880602931
13880602982
13880603016
13880603075
13880603097
13880603272
13880603391
13880603809
13880604766
13880605063
13880605563
13880605763
13880605803
13880606203
13880606510
13880607330
13880607375
13880607571
13880607690
13880607883
13880607891
13880607896
13880608122
13880608738
13880609179
13880609310
13880609392
13880609822
13880610051
13880610097
13880610178
13880610309
13880610329
13880610559
13880610737
13880610765
13880610807
13880611038
13880611157
13880611335
13880611499
13880611553
13880611595
13880612193
13880612231
13880612662
13880612861
13880613160
13880613378
13880613506
13880613620
13880613895
13880615035
13880615091
13880615109
13880615152
13880615306
13880615308
13880615361
13880615671
13880616285
13880616383
13880616985
13880617078
13880617179
13880617506
13880617638
13880617885
13880617891
13880618089
13880618135
13880618238
13880618377
13880618396
13880618484
13880618553
13880618785
13880618871
13880618879
13880619070
13880619261
13880619268
13880619303
13880619359
13880619508
13880619650
13880619768
13880619798
13880620030
13880620171
13880620635
13880621180
13880621255
13880621330
13880621356
13880621620
13880621626
13880621636
13880622115
13880622230
13880622371
13880622698
13880622758
13880623533
13880623700
13880625003
13880625911
13880626052
13880626328
13880626910
13880626939
13880627018
13880627522
13880627896
13880627969
13880627995
13880628051
13880628551
13880628832
13880629023
13880629077
13880629278
13880629291
13880629505
13880629509
13880629638
13880630353
13880630523
13880630563
13880630577
13880630651
13880631036
13880631059
13880631328
13880631519
13880631822
13880632013
13880632529
13880632728
13880632772
13880632919
13880632926
13880633283
13880633356
13880633610
13880633736
13880633910
13880634594
13880635059
13880635195
13880635335
13880635352
13880635396
13880635565
13880635569
13880635597
13880635965
13880635997
13880636031
13880636061
13880636259
13880636301
13880636302
13880636352
13880636510
13880636916
13880637191
13880637195
13880637270
13880637331
13880637528
13880637581
13880637992
13880638051
13880638071
13880638089
13880638211
13880638253
13880638533
13880638601
13880638756
13880638802
13880638921
13880639011
13880639022
13880639232
13880639278
13880639290
13880639321
13880639356
13880639396
13880639466
13880639501
13880639529
13880639569
13880639579
13880639613
13880639697
13880639717
13880639779
13880639802
13880639803
13880639910
13880640788
13880641238
13880642208
13880642252
13880644166
13880644408
13880644599
13880645006
13880645885
13880645889
13880645899
13880645909
13880646008
13880646299
13880647966
13880648799
13880649589
13880649778
13880650178
13880650329
13880650396
13880650776
13880651081
13880651197
13880651277
13880651323
13880651499
13880651593
13880651960
13880651978
13880652056
13880652120
13880652191
13880652327
13880652551
13880652631
13880652859
13880652968
13880653096
13880653239
13880653298
13880653873
13880653886
13880653918
13880654566
13880654966
13880655062
13880655170
13880655715
13880656053
13880656551
13880656718
13880657030
13880657060
13880657332
13880657609
13880657616
13880658019
13880658499
13880658605
13880658797
13880658927
13880658935
13880659078
13880659768
13880660370
13880660387
13880661501
13880661851
13880661905
13880661907
13880661965
13880662107
13880662171
13880662178
13880662807
13880663075
13880663291
13880663513
13880663708
13880663862
13880664299
13880665121
13880665287
13880665927
13880666142
13880666412
13880666514
13880667071
13880667093
13880667137
13880667235
13880668301
13880668571
13880668607
13880668739
13880669172
13880669323
13880670151
13880670254
13880670689
13880670923
13880670957
13880671032
13880671282
13880671320
13880671382
13880671572
13880671590
13880671631
13880671778
13880672152
13880672182
13880672292
13880672538
13880672553
13880672712
13880672883
13880672932
13880673038
13880673069
13880673092
13880673231
13880673251
13880673397
13880673512
13880673611
13880673665
13880673836
13880673982
13880674086
13880674099
13880674422
13880675073
13880675170
13880675217
13880675312
13880675327
13880675393
13880675398
13880676113
13880676115
13880676619
13880677030
13880677090
13880677156
13880677159
13880677271
13880677335
13880677499
13880677505
13880677910
13880677985
13880678030
13880678053
13880678071
13880678308
13880678561
13880678696
13880679252
13880679335
13880679377
13880679626
13880679768
13880680295
13880680631
13880681269
13880682505
13880682915
13880683211
13880683281
13880683628
13880683703
13880684599
13880685570
13880686538
13880687275
13880687379
13880688351
13880689051
13880689159
13880689263
13880689307
13880689325
13880689502
13880689719
13880689731
13880690038
13880690385
13880690395
13880690577
13880690795
13880690965
13880691065
13880691363
13880691505
13880691512
13880691605
13880691675
13880691801
13880691925
13880692509
13880692792
13880692891
13880692921
13880692931
13880693028
13880693053
13880693139
13880693253
13880693351
13880693395
13880693581
13880693585
13880693677
13880694599
13880695181
13880695337
13880695608
13880695626
13880695639
13880695875
13880695913
13880696065
13880696071
13880696131
13880696755
13880696973
13880697019
13880697029
13880697378
13880697505
13880697626
13880697891
13880697929
13880700856
13880701756
13880705466
13880705673
13880708982
13880709731
13880710259
13880710389
13880710672
13880711036
13880711917
13880712078
13880712224
13880713017
13880713059
13880713282
13880715381
13880715790
13880716130
13880716276
13880716316
13880716350
13880717034
13880717597
13880718404
13880718501
13880718654
13880718794
13880719083
13880719169
13880719225
13880719332
13880719529
13880719892
13880720939
13880721135
13880722590
13880722995
13880723357
13880723381
13880723561
13880723909
13880726236
13880727639
13880727835
13880727915
13880728570
13880728902
13880729230
13880729538
13880729630
13880729703
13880729709
13880729855
13880730301
13880730428
13880731978
13880732355
13880732622
13880732711
13880733556
13880733978
13880735328
13880735686
13880735859
13880735936
13880735967
13880736035
13880736255
13880736700
13880736937
13880736958
13880737011
13880737058
13880737059
13880737100
13880737158
13880737301
13880737600
13880738116
13880738189
13880738286
13880738363
13880738552
13880738562
13880739017
13880739302
13880739311
13880739503
13880739626
13880739691
13880747478
13880750133
13880750155
13880750369
13880750833
13880750855
13880751007
13880752100
13880753955
13880755573
13880756508
13880757118
13880758268
13880758933
13880759055
13880759300
13880760629
13880760709
13880760956
13880761036
13880761039
13880761053
13880761295
13880761667
13880762126
13880763060
13880763096
13880763358
13880763591
13880763700
13880763928
13880768183
13880770689
13880770790
13880770810
13880770902
13880771338
13880771517
13880772192
13880772193
13880772195
13880772251
13880772281
13880772330
13880772332
13880772373
13880772374
13880772397
13880772539
13880772575
13880772695
13880772730
13880772738
13880772833
13880772859
13880772885
13880772887
13880772930
13880772932
13880772956
13880773010
13880773025
13880773071
13880773081
13880773106
13880773132
13880773182
13880773187
13880773203
13880773205
13880773206
13880773219
13880773262
13880773287
13880773290
13880773291
13880773316
13880773372
13880773385
13880773512
13880773580
13880773583
13880773628
13880773635
13880773657
13880773691
13880773701
13880773714
13880773720
13880773728
13880773729
13880773768
13880773796
13880773850
13880773891
13880773912
13880773972
13880773979
13880773985
13880774514
13880775032
13880775061
13880775125
13880775159
13880775175
13880775182
13880775196
13880775235
13880775339
13880775380
13880775383
13880775393
13880775398
13880775506
13880775605
13880775613
13880775635
13880775651
13880775710
13880775750
13880775751
13880775785
13880775802
13880775829
13880775853
13880775907
13880775921
13880775962
13880775967
13880776039
13880776053
13880776092
13880776125
13880776151
13880776165
13880776189
13880776203
13880776237
13880776270
13880776302
13880776327
13880776361
13880776370
13880776375
13880776395
13880776474
13880776652
13880776683
13880776719
13880776738
13880776802
13880776872
13880776923
13880776925
13880776957
13880776960
13880778051
13880778061
13880778092
13880778175
13880778203
13880778291
13880778293
13880778315
13880778507
13880778510
13880778531
13880778783
13880778791
13880778930
13880778961
13880778982
13880779005
13880779096
13880779105
13880779138
13880779187
13880779201
13880779203
13880779207
13880779212
13880779271
13880779282
13880779326
13880779358
13880779369
13880779374
13880779375
13880779390
13880779391
13880779396
13880779506
13880779535
13880779547
13880779561
13880779605
13880779623
13880779627
13880779632
13880779729
13880779831
13880779836
13880779921
13880779975
13880780019
13880780260
13880780270
13880780363
13880780587
13880780590
13880780639
13880780674
13880781050
13880781310
13880781331
13880781377
13880781393
13880781517
13880781639
13880781727
13880781958
13880782030
13880782129
13880782213
13880782232
13880782369
13880782505
13880782520
13880782709
13880782816
13880782820
13880782982
13880783059
13880783109
13880783183
13880783209
13880783350
13880783363
13880783506
13880783629
13880783663
13880783707
13880783728
13880783983
13880785030
13880785083
13880785191
13880785196
13880785219
13880785326
13880785369
13880785590
13880785609
13880785676
13880785990
13880786133
13880786165
13880786720
13880786782
13880787116
13880787128
13880787191
13880787282
13880787367
13880787522
13880787571
13880787796
13880787802
13880787803
13880787816
13880787882
13880787911
13880788101
13880788202
13880789195
13880789196
13880789197
13880789655
13880789859
13880789896
13880790013
13880790026
13880790920
13880790939
13880791318
13880791686
13880791711
13880791716
13880791768
13880791920
13880792078
13880792080
13880792258
13880792329
13880792369
13880792558
13880792596
13880792628
13880792655
13880792737
13880792768
13880792771
13880792798
13880792809
13880792869
13880792881
13880793018
13880793223
13880793667
13880793778
13880795227
13880795389
13880795665
13880795676
13880795833
13880795839
13880795939
13880795986
13880796115
13880796691
13880796786
13880796880
13880797030
13880797090
13880797128
13880797268
13880797376
13880797383
13880797535
13880797971
13880798283
13880798387
13880798772
13880798781
13880798782
13880799709
13880802458
13880805145
13880813967
13880814799
13880815326
13880815679
13880819529
13880819635
13880819694
13880819753
13880819835
13880819947
13880819953
13880820048
13880820105
13880820291
13880820371
13880820498
13880820604
13880820657
13880820681
13880820760
13880820856
13880820939
13880820956
13880821077
13880821086
13880821153
13880821325
13880821383
13880821398
13880821439
13880821489
13880821707
13880821716
13880821765
13880821770
13880822167
13880822370
13880822380
13880822425
13880822427
13880822612
13880822631
13880822654
13880822680
13880822685
13880822796
13880822843
13880822848
13880822891
13880822997
13880823065
13880823129
13880823180
13880823260
13880823428
13880823476
13880823586
13880823601
13880823637
13880823722
13880823751
13880823783
13880823884
13880823909
13880823927
13880824181
13880824208
13880824232
13880824241
13880824345
13880824676
13880824768
13880824776
13880824878
13880824885
13880824948
13880825136
13880825215
13880825282
13880825303
13880825539
13880825592
13880825628
13880825798
13880825815
13880825863
13880826165
13880826265
13880826607
13880826973
13880827031
13880828569
13880829021
13880829063
13880829176
13880829201
13880829378
13880829531
13880830176
13880830229
13880830461
13880830547
13880830705
13880830721
13880831502
13880831506
13880831538
13880831635
13880831822
13880831933
13880831950
13880832091
13880832165
13880833032
13880835082
13880835161
13880836055
13880836811
13880837393
13880838056
13880839538
13880842098
13880842970
13880843814
13880843834
13880843859
13880843874
13880843894
13880843897
13880843914
13880843920
13880844052
13880844056
13880844112
13880844122
13880844142
13880844146
13880844239
13880844270
13880844284
13880844337
13880844342
13880844346
13880844347
13880844354
13880844539
13880844547
13880844610
13880844614
13880844649
13880844672
13880844673
13880844715
13880844737
13880844740
13880844755
13880844803
13880844965
13880845023
13880845087
13880845113
13880845136
13880845153
13880845259
13880845263
13880845445
13880845471
13880845475
13880845492
13880845513
13880845540
13880845571
13880845574
13880845646
13880845738
13880845740
13880845746
13880845847
13880845890
13880845916
13880845941
13880846070
13880846079
13880846103
13880846150
13880846438
13880846460
13880846467
13880846506
13880846596
13880846709
13880846794
13880846819
13880847136
13880847144
13880847145
13880847234
13880847241
13880847244
13880847248
13880847343
13880847461
13880847531
13880847551
13880847597
13880847614
13880847619
13880847686
13880847714
13880847742
13880847802
13880847811
13880847844
13880847857
13880847921
13880847984
13880848047
13880848057
13880848065
13880848105
13880848260
13880848296
13880848379
13880848431
13880848465
13880848510
13880848549
13880848559
13880848619
13880848639
13880848690
13880848741
13880848746
13880848752
13880848972
13880849005
13880849064
13880850172
13880850174
13880850454
13880850594
13880850597
13880850934
13880851091
13880851499
13880851503
13880852756
13880853082
13880853172
13880855276
13880856092
13880856126
13880856173
13880856182
13880856832
13880856957
13880856971
13880857208
13880857380
13880857397
13880857501
13880857607
13880857691
13880857810
13880857826
13880857903
13880857965
13880858373
13880859101
13880859261
13880859377
13880859397
13880859937
13880860271
13880860753
13880861137
13880861670
13880862135
13880862308
13880862796
13880862837
13880862972
13880863093
13880863531
13880863872
13880863951
13880863967
13880864399
13880871716
13880873011
13880873879
13880875822
13880877050
13880877057
13880877650
13880877871
13880883627
13880887449
13880890221
13880890265
13880890362
13880890657
13880890675
13880890756
13880890791
13880890863
13880891507
13880891517
13880891579
13880892021
13880893196
13880897533
13880897608
13880897895
13880898662
13880899509
13880900371
13880900441
13880900573
13880900593
13880900761
13880901057
13880901415
13880901557
13880901706
13880901769
13880902165
13880902711
13880902936
13880903196
13880903312
13880903689
13880903928
13880904718
13880904877
13880905071
13880905302
13880905620
13880905903
13880906175
13880906216
13880907220
13880907793
13880908150
13880908391
13880909042
13880909539
13880910159
13880910236
13880910553
13880910776
13880910906
13880910993
13880911682
13880911716
13880911835
13880911879
13880912030
13880912108
13880912196
13880912658
13880912708
13880913029
13880913334
13880913538
13880913773
13880913806
13880914433
13880914898
13880915051
13880915116
13880915350
13880915658
13880916020
13880916226
13880916301
13880916378
13880916536
13880917093
13880917192
13880920363
13880921242
13880921356
13880922581
13880922872
13880923070
13880923082
13880923178
13880923231
13880923320
13880923955
13880924884
13880924929
13880925713
13880925969
13880926251
13880926280
13880926322
13880927038
13880927252
13880927371
13880927829
13880928059
13880928636
13880929201
13880929591
13880930182
13880930635
13880931053
13880931186
13880931500
13880932250
13880932629
13880932872
13880932877
13880932993
13880935751
13880935929
13880936109
13880937005
13880937193
13880939195
13880939982
13880948448
13880950650
13880951611
13880952488
13880953518
13880953539
13880953677
13880953881
13880955003
13880956782
13880957538
13880958786
13880959680
13880959708
13880960596
13880961526
13880961908
13880962178
13880962499
13880969748
13880972210
13880972239
13880972792
13880973500
13880973658
13880974199
13880974545
13880975033
13880975056
13880975122
13880975571
13880975707
13880975756
13880976070
13880976542
13880976545
13880977109
13880977303
13880977369
13880977870
13880978030
13880978040
13880978069
13880978298
13880978575
13880978870
13880979290
13880979609
13880979706
13880979806
13880979903
13880980630
13880982710
13880982732
13880982971
13880983116
13880983291
13880984428
13880985733
13880985935
13880986020
13880986059
13880986163
13880986620
13880987342
13880987538
13880987848
13880987891
13880988135
13880988236
13880988635
13880989151
13880990459
13880990583
13880990763
13880991466
13880991571
13880991621
13880991813
13880992230
13880992506
13880993253
13880993506
13880993707
13880995129
13880995351
13880995852
13880996783
13880997170
13880997232
13880997262
13880999435
13880999447
13881701322
13881701508
13881702591
13881703608
13881703773
13881703902
13881705033
13881705060
13881705268
13881705369
13881705775
13881705995
13881706028
13881706058
13881706978
13881707268
13881707358
13881707590
13881707607
13881707608
13881707633
13881707768
13881707856
13881708583
13881708682
13881708698
13881708756
13881709609
13881712552
13881712908
13881712987
13881713173
13881713183
13881713598
13881713700
13881715526
13881715606
13881716206
13881718255
13881719109
13881719196
13881719528
13881719790
13881719879
13881720990
13881721611
13881723363
13881723773
13881725025
13881725358
13881725595
13881726027
13881726617
13881726918
13881727055
13881727345
13881728848
13881729433
13881729477
13881730298
13881730400
13881731408
13881731758
13881732578
13881733359
13881735248
13881735843
13881736402
13881736412
13881736451
13881737403
13881737466
13881737942
13881740276
13881740372
13881740440
13881740717
13881742590
13881743597
13881743621
13881743719
13881744703
13881744799
13881744867
13881744896
13881745497
13881745713
13881746301
13881746312
13881746895
13881746942
13881747236
13881747401
13881751965
13881751997
13881752600
13881752718
13881753613
13881753730
13881753760
13881753807
13881755232
13881756581
13881756597
13881756675
13881756827
13881757282
13881757499
13881757538
13881757619
13881758027
13881758073
13881758261
13881758297
13881758322
13881758621
13881758653
13881758826
13881758903
13881758962
13881759251
13881759268
13881759271
13881759517
13881759733
13881759796
13881760186
13881760219
13881760368
13881760432
13881760793
13881760860
13881760937
13881761739
13881762053
13881762072
13881762173
13881764478
13881764818
13881765078
13881765308
13881765455
13881769101
13881769806
13881770897
13881774828
13881776389
13881776781
13881776976
13881778021
13881778065
13881778351
13881778365
13881778529
13881778580
13881778603
13881778609
13881778725
13881778939
13881779069
13881779369
13881779535
13881779569
13881779639
13881779658
13881779795
13881780107
13881784478
13881785501
13881785995
13881786308
13881787233
13881787571
13881787709
13881789002
13881789500
13881789779
13881789810
13881790390
13881790508
13881791316
13881792232
13881792278
13881792282
13881792311
13881792328
13881792499
13881792521
13881792522
13881792557
13881792585
13881792607
13881792618
13881792676
13881792723
13881792730
13881792936
13881792957
13881793052
13881793095
13881793115
13881793229
13881793297
13881793525
13881793563
13881793590
13881793596
13881793601
13881793626
13881793635
13881793738
13881793768
13881793780
13881793923
13881793952
13881793971
13881794288
13881794788
13881795005
13881795038
13881795102
13881795110
13881795257
13881795272
13881795276
13881795355
13881795579
13881795697
13881795707
13881795709
13881795767
13881795773
13881795787
13881795815
13881795919
13881795929
13881795987
13881795991
13881796037
13881796070
13881796078
13881796251
13881796261
13881796765
13881796923
13881796925
13881797018
13881797071
13881797125
13881797176
13881797185
13881797279
13881797325
13881797365
13881797372
13881797527
13881797572
13881797621
13881797635
13881797692
13881797705
13881797721
13881797870
13881797872
13881797958
13881797972
13881797973
13881797983
13881798002
13881798025
13881798065
13881798227
13881798265
13881798602
13881798653
13881798672
13881798727
13881799002
13881799025
13881799026
13881799039
13881799085
13881799086
13881799203
13881799226
13881799228
13881799351
13881799627
13881799635
13881799757
13881799860
13881800447
13881800565
13881801322
13881801797
13881802039
13881802059
13881802079
13881802281
13881802526
13881802530
13881802718
13881802752
13881802973
13881803075
13881803175
13881803196
13881803259
13881803532
13881803591
13881803656
13881803795
13881803837
13881804371
13881805065
13881805101
13881805136
13881805193
13881805309
13881805576
13881805730
13881805790
13881805976
13881806076
13881806709
13881807022
13881807031
13881807152
13881807563
13881807605
13881807703
13881807962
13881808702
13881808759
13881808767
13881809021
13881809235
13881809397
13881809793
13881809796
13881809823
13881810054
13881810372
13881810390
13881810671
13881811292
13881811494
13881811560
13881811907
13881812053
13881812065
13881812069
13881812557
13881812571
13881812617
13881812670
13881812819
13881812923
13881813267
13881813756
13881813770
13881813780
13881813782
13881813893
13881813967
13881814082
13881814249
13881814403
13881814660
13881814703
13881814719
13881815072
13881815514
13881815653
13881815793
13881816209
13881816231
13881816673
13881816756
13881817021
13881817269
13881817291
13881817325
13881817826
13881817953
13881817972
13881817983
13881817993
13881819260
13881819376
13881819671
13881820139
13881820155
13881820172
13881820275
13881820309
13881820597
13881820750
13881820939
13881821032
13881821307
13881821387
13881821609
13881821876
13881822102
13881822137
13881822173
13881822378
13881822697
13881822983
13881823096
13881823532
13881823630
13881823700
13881823775
13881823897
13881823960
13881825037
13881825163
13881825192
13881825390
13881825729
13881825730
13881825733
13881826103
13881826129
13881826259
13881826289
13881826713
13881826879
13881826930
13881826931
13881827058
13881827096
13881827132
13881827157
13881827251
13881827530
13881827556
13881827625
13881827662
13881827670
13881827673
13881827675
13881827732
13881827835
13881827870
13881827959
13881828494
13881828563
13881828596
13881828673
13881828693
13881828761
13881828926
13881828930
13881828965
13881828973
13881829051
13881829109
13881829220
13881829381
13881829563
13881829569
13881829705
13881829759
13881829780
13881829961
13881829967
13881830176
13881830195
13881830270
13881830297
13881830579
13881830651
13881830652
13881830673
13881830751
13881830871
13881830891
13881830975
13881830982
13881831039
13881831063
13881831073
13881831663
13881831720
13881831721
13881832253
13881832550
13881832580
13881832585
13881832592
13881832619
13881832726
13881832957
13881833059
13881833087
13881833162
13881833172
13881833354
13881833499
13881833582
13881833591
13881833592
13881833751
13881833895
13881835001
13881835090
13881835280
13881835317
13881835378
13881835571
13881835582
13881835692
13881835697
13881835952
13881835980
13881835982
13881836051
13881836097
13881836312
13881836507
13881836576
13881836583
13881836701
13881837032
13881837109
13881837122
13881837207
13881837301
13881837315
13881837503
13881837506
13881837861
13881838015
13881838017
13881838032
13881838172
13881838505
13881838539
13881838569
13881838712
13881839051
13881839352
13881839511
13881839573
13881839730
13881839759
13881839767
13881839772
13881842099
13881847699
13881850183
13881850433
13881850859
13881850957
13881851719
13881851770
13881852030
13881852153
13881852261
13881852337
13881852397
13881852531
13881852720
13881852890
13881852937
13881852971
13881852973
13881853102
13881853117
13881853150
13881853675
13881853692
13881853713
13881853725
13881853729
13881853882
13881853917
13881853962
13881855070
13881855162
13881855571
13881856071
13881856197
13881856297
13881856372
13881856390
13881856852
13881856935
13881857022
13881857689
13881857893
13881858213
13881858263
13881858265
13881858706
13881858712
13881859115
13881859227
13881859250
13881859332
13881859362
13881859501
13881859609
13881859721
13881859723
13881859731
13881859782
13881859963
13881860167
13881860235
13881860791
13881860872
13881861530
13881861635
13881861720
13881862117
13881862153
13881862358
13881862466
13881862708
13881863282
13881863455
13881863499
13881863553
13881863676
13881863736
13881865080
13881865161
13881865292
13881865536
13881865632
13881865660
13881865805
13881866093
13881866135
13881866182
13881866779
13881866907
13881866915
13881866930
13881866992
13881867059
13881867235
13881867253
13881867280
13881867290
13881867292
13881867310
13881867326
13881867390
13881867551
13881867915
13881868367
13881868692
13881868695
13881869006
13881869085
13881869185
13881869211
13881869235
13881869253
13881869531
13881869573
13881869613
13881869635
13881869639
13881869751
13881869961
13881869975
13881870186
13881870726
13881870955
13881871860
13881871908
13881872295
13881872625
13881872955
13881873036
13881873211
13881873272
13881873319
13881873351
13881873537
13881873675
13881873771
13881873790
13881873865
13881875006
13881875122
13881875180
13881875202
13881875237
13881875238
13881875325
13881875371
13881875383
13881875570
13881875591
13881875708
13881875853
13881876062
13881876070
13881876255
13881876268
13881876337
13881876361
13881876609
13881876900
13881877225
13881877258
13881878073
13881878150
13881878162
13881878225
13881878261
13881878331
13881879116
13881879128
13881879258
13881879758
13881879891
13881880474
13881880747
13881881542
13881881734
13881882140
13881882440
13881883464
13881884197
13881884392
13881884714
13881884924
13881885741
13881885846
13881887106
13881887347
13881887473
13881889343
13881890192
13881890270
13881890367
13881890521
13881890737
13881890755
13881890773
13881890782
13881891250
13881891597
13881891653
13881891756
13881891763
13881892067
13881892173
13881892291
13881892310
13881892359
13881892466
13881892603
13881892707
13881893027
13881893231
13881893571
13881895033
13881895061
13881895129
13881895173
13881895236
13881895320
13881895323
13881895396
13881895769
13881895915
13881896033
13881896076
13881896195
13881896255
13881896539
13881896992
13881897285
13881897305
13881897338
13881897681
13881897860
13881897950
13881898695
13881898872
13881898925
13881899083
13881899097
13881899160
13881899207
13881899531
13881899736
13881899782
13881899830
13881902352
13881902552
13881903211
13881904498
13881904899
13881904978
13881905220
13881905225
13881913850
13881915820
13881921893
13881923935
13881926391
13881926883
13881927279
13881928030
13881928516
13881929494
13881931580
13881931810
13881939303
13881950162
13881950217
13881950651
13881951825
13881951903
13881952101
13881952523
13881953728
13881955029
13881955261
13881956201
13881956390
13881956725
13881957908
13881958683
13881959443
13881959602
13881959915
13881961692
13881963070
13881965013
13881965096
13881965736
13881967169
13881967516
13881969106
13881970238
13881971833
13881972055
13881973638
13881976908
13881995262
13881996379
13881998478
13882000849
13882001131
13882001636
13882012978
13882013080
13882015987
13882016738
13882020659
13882022294
13882024166
13882027238
13882027638
13882030959
13882031499
13882031533
13882031707
13882036020
13882036216
13882036386
13882036997
13882037128
13882037198
13882037353
13882037837
13882037880
13882038522
13882040278
13882047308
13882047379
13882049159
13882050155
13882053908
13882055053
13882055128
13882055131
13882055176
13882060238
13882060659
13882063079
13882067005
13882067498
13882068036
13882068839
13882069016
13882073121
13882073722
13882076629
13882078100
13882078179
13882078821
13882078958
13882079022
13882081959
13882082581
13882083070
13882083255
13882084242
13882085021
13882085029
13882085269
13882085309
13882085323
13882086092
13882086101
13882086536
13882087519
13882089510
13882090797
13882090937
13882090972
13882091032
13882091569
13882091722
13882092488
13882092499
13882092623
13882092835
13882093103
13882093275
13882093532
13882093806
13882093955
13882094766
13882095130
13882095736
13882095802
13882096239
13882096712
13882097596
13882097958
13882098055
13882098603
13882098812
13882099510
13882100585
13882100938
13882101312
13882101656
13882101659
13882101695
13882101951
13882102116
13882102195
13882102352
13882102360
13882102505
13882102595
13882102673
13882102717
13882102860
13882102895
13882102986
13882103090
13882103105
13882103176
13882103280
13882103650
13882103693
13882103695
13882103738
13882103839
13882103937
13882103971
13882105170
13882105569
13882105571
13882105768
13882105786
13882105857
13882106067
13882106672
13882106751
13882106867
13882106938
13882107118
13882107215
13882107290
13882107329
13882107351
13882107397
13882107671
13882107731
13882107762
13882107932
13882107985
13882108078
13882108229
13882108267
13882108273
13882108466
13882108660
13882108707
13882108733
13882108773
13882108875
13882109044
13882109072
13882109170
13882109177
13882109211
13882109244
13882109247
13882109347
13882109355
13882109375
13882109377
13882109404
13882109445
13882109457
13882109484
13882109542
13882109641
13882109647
13882109672
13882109736
13882109750
13882109769
13882109791
13882109827
13882109862
13882109906
13882109935
13882110589
13882110602
13882110742
13882111370
13882111902
13882112235
13882112636
13882113120
13882113302
13882113955
13882114266
13882115316
13882115322
13882115380
13882115512
13882115606
13882115659
13882115662
13882115851
13882115961
13882116108
13882116153
13882116310
13882116351
13882116466
13882116513
13882116952
13882116961
13882117020
13882117191
13882117227
13882118013
13882118561
13882120169
13882120488
13882120563
13882120686
13882120839
13882121150
13882121192
13882121488
13882121602
13882121613
13882121619
13882121709
13882121980
13882122029
13882122165
13882122170
13882122397
13882122530
13882122586
13882122615
13882122732
13882122761
13882123067
13882123097
13882123129
13882123150
13882123521
13882123532
13882123602
13882123780
13882123785
13882123805
13882123817
13882123895
13882123935
13882123950
13882123957
13882123972
13882123997
13882125027
13882125036
13882125171
13882125187
13882125203
13882125265
13882125301
13882125357
13882125375
13882125590
13882125601
13882125665
13882125680
13882125693
13882125731
13882125905
13882125931
13882125963
13882125969
13882126030
13882126038
13882126053
13882126057
13882126157
13882126293
13882126499
13882126523
13882126729
13882126787
13882126915
13882126973
13882127013
13882127026
13882127095
13882127169
13882127185
13882127209
13882127213
13882127255
13882127269
13882127622
13882128235
13882128331
13882128633
13882128817
13882129052
13882130151
13882130177
13882130595
13882130716
13882131053
13882131375
13882131675
13882131700
13882131759
13882131795
13882131917
13882132607
13882132977
13882135176
13882138466
13882140208
13882143966
13882146566
13882147566
13882151535
13882152078
13882154388
13882159585
13882160522
13882160876
13882162224
13882163558
13882163619
13882165278
13882166604
13882168085
13882168259
13882168393
13882168501
13882168510
13882168706
13882168726
13882168756
13882168879
13882169039
13882169060
13882169161
13882169328
13882169519
13882169569
13882169592
13882169830
13882169839
13882169851
13882169863
13882170302
13882170679
13882170722
13882170730
13882170736
13882170873
13882170877
13882170955
13882170997
13882171015
13882171038
13882171165
13882171323
13882171500
13882171660
13882171797
13882171869
13882171910
13882172089
13882172201
13882172336
13882172559
13882172655
13882173056
13882173096
13882173110
13882173220
13882173225
13882173235
13882173302
13882173529
13882173595
13882173605
13882173621
13882173768
13882173928
13882173932
13882173986
13882173995
13882174199
13882175038
13882175211
13882175256
13882175628
13882175769
13882175798
13882175978
13882176009
13882176076
13882176106
13882176519
13882176673
13882176715
13882176722
13882176805
13882176879
13882177039
13882177057
13882177068
13882177136
13882177152
13882177223
13882177281
13882177353
13882177906
13882177911
13882177918
13882178285
13882178505
13882178756
13882178762
13882178767
13882178770
13882178805
13882178810
13882179020
13882179028
13882179029
13882179033
13882179225
13882179297
13882179306
13882179353
13882179516
13882179708
13882179882
13882179935
13882179981
13882180250
13882180379
13882180552
13882180596
13882180631
13882180835
13882180895
13882180969
13882180997
13882181095
13882181276
13882181522
13882182071
13882182202
13882182216
13882182287
13882182295
13882182350
13882182361
13882182369
13882182519
13882182665
13882182693
13882182782
13882182955
13882182959
13882183202
13882183250
13882183272
13882183276
13882183680
13882183701
13882183706
13882183709
13882183726
13882183730
13882183825
13882183901
13882183995
13882185062
13882185190
13882185191
13882185202
13882185256
13882185579
13882185651
13882186121
13882186150
13882186296
13882186515
13882186936
13882186951
13882187038
13882187071
13882187079
13882187189
13882187323
13882187571
13882188065
13882188070
13882188071
13882188503
13882188559
13882188623
13882188793
13882188796
13882189096
13882189171
13882189272
13882189285
13882189592
13882189619
13882189830
13882189860
13882190252
13882190296
13882190377
13882190393
13882190552
13882190673
13882190761
13882190790
13882190955
13882191028
13882191132
13882191261
13882191345
13882191373
13882191630
13882191716
13882191820
13882192035
13882192150
13882192330
13882192513
13882192532
13882192611
13882192737
13882192758
13882194123
13882194442
13882195638
13882196195
13882196382
13882196925
13882197135
13882197358
13882197578
13882197896
13882198659
13882198722
13882199310
13882200637
13882203728
13882216393
13882217022
13882217075
13882217092
13882217592
13882217809
13882218289
13882218563
13882218679
13882220574
13882221473
13882221624
13882224037
13882224307
13882224504
13882225043
13882227435
13882227647
13882229430
13882229614
13882229749
13882230132
13882230160
13882230381
13882230797
13882230836
13882230953
13882231157
13882231292
13882231297
13882231630
13882231897
13882231923
13882232290
13882232502
13882232570
13882233470
13882233492
13882234366
13882234509
13882234544
13882235626
13882235985
13882236758
13882237108
13882237353
13882237659
13882238187
13882239330
13882239535
13882239592
13882241418
13882241718
13882250551
13882250883
13882262977
13882262995
13882263059
13882265509
13882265610
13882265813
13882266287
13882277593
13882277830
13882277836
13882280295
13882280535
13882282125
13882282193
13882283067
13882283161
13882283516
13882285265
13882285336
13882285392
13882285863
13882286126
13882290404
13882293275
13882295150
13882295356
13882295532
13882296038
13882297078
13882297161
13882297477
13882297638
13882298536