15902816562
15902817883
15902820182
15902821939
15902825080
15902825098
15902825377
15902831583
15902832133
15902832300
15902832722
15902832885
15902832955
15902835883
15902836022
15902837098
15902837728
15902837783
15902848481
15902851338
15902852122
15928055970
15928055993
15928056152
15928056512
15928056732
15928056859
15928056956
15928057008
15928057012
15928057183
15928057193
15928078781
15928078959
15928080231
15928092133
15928092655
15928092755
15928092825
15928093733
15928097133
15928106206
15928110233
15928112890
15928119882
15928120655
15928123500
15928123508
15928125007
15928135055
15928135122
15928138139
15928139577
15928139822
15928152055
15928157122
15928161509
15928170377
15928179355
15928191980
15928345396
15928575300
15928577336
15928586196
15928619259
15928631022
15928637100
15928638255
15928671838
15928671958
15928677559
15928677908
15928679508
15928685733
15928705998
15928708155
15928731622
15928756122
15928763629
15928808053
15928828938
15928838325
15928838518
15928838530
15928838562
15928838570
15928838712
15928838715
15928838793
15928839210
15928839617
15928839670
15928858022
15928865595
15928989620
15928998515
15982006263
15982008813
15982230338
15982283022
15982320110
15982322669
15982323667
15982323700
15982323876
15982325255
15982355228
15982801181