15802862871
15802863257
15802863651
15828111297
15828111327
15828111570
15828112070
15828132977
15828138217
15828150958
15828151003
15828151005
15828151012
15828152110
15828155579
15828176259
15828176637
15828178615
15828179502
15828179510
15828180370
15828206958
15828207100
15828207928
15828209108
15828210955
15828211150
15828211538
15828211638
15828211993
15828213211
15828213238
15828216578
15828217708
15828218178
15828218802
15828218826
15828219200
15828219638
15828220938
15828222379
15828222597
15828222691
15828223732
15828223739
15828223798
15828225052
15828225501
15828226178
15828226198
15828226578
15828227720
15828227725
15828227726
15828227969
15828228060
15828228153
15828228737
15828228979
15828229511
15828229913
15828229915
15828229925
15828229983
15828230208
15828230232
15828231322
15828231353
15828231368
15828231622
15828232306
15828232552
15828232772
15828250971
15828251729
15828251832
15828251867
15828345203
15828345231
15828345543
15828345726
15828347279
15828347730
15828347791
15828347857
15828349207
15828349735
15828360298
15828505335
15828505665
15828506226
15828506298
15828506685
15828509096
15828530466
15828545937
15828557001
15828557943
15828563891
15828661275
15828661302
15828661560
15828662761
15828663795
15828665127
15828665793
15828665831
15881022578
15881025308
15881025508
15881026778
15881030268
15881030700
15881030901
15881033508
15881041385
15881041553
15881041563
15881041692
15881041701
15881041720
15881041782
15881041953
15881042169
15881042353
15881043791
15881048165
15881048527
15881048532
15881048537
15881066076
15881067670
15881069828
15881070117
15881071719
15881096358
15881140180
15881140260
15881140579
15881140759
15881141732
15881142287
15881142683
15881142807
15881143082
15881143897
15881145582
15881145839
15881145930
15881146093
15881146289
15881147185
15882006732
15882006851
15882007351
15882007937
15882008971
15882009012
15882009215
15882009257
15882010053
15882010162
15882010191
15882010209
15882010236
15882010257
15882010273
15882010302
15882010307
15882010309
15882010373
15882010395
15882050907
15882052053
15882054366
15882077011
15882090631
15882093872
15882096102
15882357567
15882391878